0, 1585
0, 1840
1, 554
2, 102
2, 425
2, 883
2, 1106
3, 865
3, 1862
4, 234
4, 1206
5, 638
6, 792
7, 1106
7, 1601
7, 1882
8, 626
8, 1307
8, 1426
9, 150
9, 179
9, 384
9, 592
9, 805
9, 848
9, 864
9, 1206
9, 1211
9, 1223
9, 1522
9, 1548
9, 1654
9, 1818
9, 1862
10, 1031
10, 1840
11, 657
11, 1862
12, 143
12, 281
12, 479
12, 638
12, 1252
12, 1921
13, 1106
14, 619
15, 1717
15, 1862
16, 695
16, 1127
16, 1737
17, 1543
18, 632
18, 1253
19, 1380
20, 163
20, 1543
21, 76
21, 202
21, 269
22, 76
22, 1543
23, 202
23, 269
23, 378
23, 379
23, 585
23, 1171
23, 1227
23, 1306
23, 1377
23, 1446
23, 1687
23, 1706
23, 1708
23, 1896
24, 234
24, 277
24, 1380
24, 1436
24, 1460
24, 1862
24, 1883
25, 201
25, 281
26, 1106
27, 186
27, 1495
27, 1618
28, 58
28, 1970
29, 268
29, 404
29, 1106
30, 46
30, 199
30, 241
30, 281
30, 638
30, 1161
30, 1427
30, 1579
30, 1598
30, 1843
30, 1862
31, 1106
31, 1539
31, 1687
31, 1720
32, 1683
33, 1332
34, 378
34, 883
34, 1106
34, 1566
35, 196
36, 64
36, 852
36, 1822
37, 773
37, 1287
37, 1331
37, 1451
38, 41
38, 44
38, 64
38, 105
38, 140
38, 143
38, 170
38, 179
38, 201
38, 210
38, 229
38, 234
38, 237
38, 238
38, 286
38, 290
38, 365
38, 378
38, 431
38, 509
38, 520
38, 523
38, 532
38, 539
38, 582
38, 619
38, 632
38, 635
38, 638
38, 644
38, 647
38, 680
38, 684
38, 690
38, 694
38, 749
38, 771
38, 802
38, 830
38, 831
38, 867
38, 876
38, 957
38, 966
38, 1002
38, 1032
38, 1038
38, 1040
38, 1106
38, 1248
38, 1302
38, 1307
38, 1310
38, 1321
38, 1359
38, 1364
38, 1370
38, 1397
38, 1501
38, 1524
38, 1543
38, 1548
38, 1564
38, 1568
38, 1618
38, 1623
38, 1637
38, 1682
38, 1720
38, 1736
38, 1794
38, 1808
38, 1840
38, 1843
38, 1847
38, 1862
38, 1883
38, 1942
38, 1970
39, 431
39, 1796
40, 1733
41, 71
41, 88
41, 140
41, 198
41, 228
41, 269
41, 400
41, 404
41, 491
41, 526
41, 624
41, 632
41, 633
41, 732
41, 739
41, 755
41, 783
41, 848
41, 883
41, 980
41, 1038
41, 1083
41, 1106
41, 1115
41, 1206
41, 1211
41, 1214
41, 1218
41, 1231
41, 1236
41, 1279
41, 1380
41, 1396
41, 1461
41, 1543
41, 1621
41, 1660
41, 1692
41, 1720
41, 1721
41, 1725
41, 1764
41, 1794
41, 1860
41, 1862
42, 64
42, 309
42, 444
42, 1970
43, 302
43, 753
43, 1794
43, 1893
44, 1465
44, 1862
45, 1543
46, 262
46, 1495
47, 68
47, 290
47, 1106
47, 1223
47, 1226
47, 1543
47, 1810
47, 1840
47, 1862
48, 1106
49, 378
49, 1272
50, 444
50, 1049
50, 1637
50, 1883
51, 239
51, 1720
52, 1950
53, 1795
54, 1106
54, 1522
55, 1641
56, 227
56, 1539
57, 404
57, 850
57, 1100
57, 1585
57, 1687
57, 1720
57, 1737
57, 1950
57, 1970
58, 214
58, 413
58, 612
58, 964
58, 1106
58, 1566
58, 1576
58, 1633
58, 1637
58, 1766
59, 161
60, 76
60, 492
60, 604
60, 628
60, 1032
60, 1238
60, 1342
60, 1430
60, 1543
60, 1862
61, 1370
61, 1862
62, 301
62, 1106
63, 1049
64, 68
64, 84
64, 129
64, 191
64, 201
64, 234
64, 290
64, 305
64, 322
64, 352
64, 378
64, 381
64, 431
64, 451
64, 479
64, 619
64, 638
64, 679
64, 712
64, 762
64, 825
64, 845
64, 864
64, 867
64, 873
64, 879
64, 925
64, 934
64, 951
64, 956
64, 1009
64, 1032
64, 1057
64, 1066
64, 1106
64, 1148
64, 1150
64, 1206
64, 1223
64, 1255
64, 1320
64, 1380
64, 1461
64, 1543
64, 1548
64, 1702
64, 1706
64, 1720
64, 1833
64, 1845
64, 1862
64, 1883
64, 1910
64, 1919
64, 1952
64, 1959
65, 1465
65, 1840
66, 1194
67, 1662
68, 250
68, 281
68, 523
68, 633
68, 638
68, 641
68, 740
68, 809
68, 984
68, 1049
68, 1370
68, 1495
68, 1516
68, 1543
68, 1720
68, 1822
68, 1874
69, 1682
70, 1543
70, 1620
71, 1106
72, 1572
73, 329
73, 487
73, 504
73, 998
73, 1097
73, 1206
73, 1543
73, 1705
73, 1720
73, 1835
73, 1862
73, 1906
74, 1236
74, 1469
75, 1176
75, 1547
76, 129
76, 251
76, 563
76, 638
76, 756
76, 761
76, 990
76, 1320
76, 1386
76, 1419
76, 1543
76, 1652
76, 1682
77, 1461
78, 784
78, 1247
78, 1387
78, 1870
79, 431
79, 811
79, 1046
79, 1061
80, 100
80, 301
80, 512
80, 555
80, 1206
80, 1862
81, 467
82, 1720
83, 201
83, 1548
83, 1768
84, 244
84, 621
84, 638
84, 1682
84, 1705
84, 1790
84, 1948
85, 1039
85, 1503
85, 1862
86, 281
86, 618
86, 1255
86, 1520
87, 143
87, 297
87, 883
87, 1583
88, 281
88, 507
88, 1106
88, 1592
88, 1720
88, 1840
88, 1862
89, 378
90, 951
91, 1106
91, 1370
92, 431
92, 1046
93, 800
93, 1149
94, 143
94, 638
94, 680
94, 1873
94, 1950
94, 1970
95, 638
95, 1522
96, 431
96, 638
96, 1361
96, 1543
96, 1720
97, 573
98, 1366
98, 1561
99, 564
99, 1250
100, 948
101, 893
103, 1206
104, 1106
104, 1682
105, 616
105, 965
105, 990
105, 1756
106, 1682
107, 883
107, 1637
108, 461
108, 484
109, 257
109, 352
109, 523
109, 660
109, 846
109, 901
109, 1138
109, 1307
109, 1519
109, 1525
109, 1543
109, 1561
109, 1562
109, 1614
109, 1736
109, 1737
109, 1840
109, 1862
110, 638
110, 867
110, 1543
110, 1601
111, 620
111, 1543
112, 992
112, 1105
112, 1380
112, 1572
112, 1585
112, 1611
112, 1718
112, 1720
112, 1970
113, 823
113, 1146
113, 1222
114, 512
114, 1106
114, 1380
114, 1543
114, 1740
115, 1883
116, 275
117, 1106
117, 1272
117, 1720
117, 1862
118, 195
119, 1840
120, 1380
121, 1106
122, 290
122, 1785
123, 678
124, 951
124, 1862
124, 1873
125, 378
125, 494
125, 584
125, 861
125, 883
125, 1106
125, 1321
125, 1330
125, 1380
125, 1387
125, 1514
125, 1543
125, 1702
125, 1762
125, 1886
125, 1905
126, 1106
127, 1106
128, 1246
129, 195
129, 269
129, 638
129, 1106
129, 1262
129, 1525
130, 431
130, 477
130, 492
131, 1942
132, 793
132, 1543
132, 1720
133, 638
133, 1982
134, 1370
134, 1720
135, 290
135, 638
136, 1873
137, 1380
137, 1416
138, 883
138, 1106
138, 1302
138, 1414
138, 1471
138, 1585
139, 679
139, 1158
140, 286
140, 638
140, 826
140, 1106
140, 1380
140, 1396
140, 1451
140, 1534
140, 1543
140, 1548
140, 1585
140, 1605
140, 1682
140, 1720
140, 1744
140, 1764
140, 1840
140, 1862
140, 1962
141, 290
141, 1904
142, 1106
143, 182
143, 201
143, 214
143, 290
143, 479
143, 511
143, 585
143, 638
143, 749
143, 753
143, 775
143, 784
143, 791
143, 883
143, 973
143, 1032
143, 1071
143, 1106
143, 1211
143, 1236
143, 1282
143, 1387
143, 1413
143, 1430
143, 1431
143, 1446
143, 1465
143, 1495
143, 1526
143, 1543
143, 1687
143, 1698
143, 1706
143, 1713
143, 1722
143, 1729
143, 1794
143, 1840
143, 1844
143, 1862
143, 1870
143, 1923
143, 1976
143, 1982
144, 1543
144, 1926
145, 638
146, 973
146, 1516
147, 1585
148, 792
148, 1516
149, 619
149, 1543
150, 171
150, 201
150, 234
150, 361
150, 484
150, 569
150, 582
150, 585
150, 625
150, 638
150, 940
150, 990
150, 1106
150, 1380
150, 1467
150, 1509
150, 1548
150, 1575
150, 1594
150, 1633
150, 1737
150, 1857
150, 1905
151, 1223
152, 1099
153, 1737
154, 170
154, 1075
154, 1380
155, 254
156, 1146
156, 1370
156, 1862
157, 356
157, 858
157, 1758
158, 370
158, 1099
158, 1543
158, 1883
158, 1950
159, 523
160, 484
160, 626
161, 638
162, 1585
164, 552
164, 638
164, 951
164, 1332
164, 1522
164, 1548
164, 1583
164, 1706
164, 1862
165, 946
165, 1211
166, 638
167, 215
167, 343
167, 532
167, 619
167, 744
167, 792
167, 1032
167, 1055
167, 1077
167, 1106
167, 1543
167, 1689
167, 1720
167, 1736
167, 1766
167, 1840
167, 1911
167, 1970
168, 773
168, 1736
169, 331
170, 365
170, 523
170, 552
170, 638
170, 1106
170, 1566
170, 1764
172, 200
173, 1783
174, 1097
174, 1958
175, 352
176, 1777
177, 454
177, 638
177, 1720
177, 1862
178, 1008
178, 1106
180, 1128
180, 1548
181, 619
181, 638
181, 1720
181, 1862
181, 1966
182, 202
182, 365
182, 444
182, 479
182, 632
182, 883
182, 1077
182, 1106
182, 1320
182, 1380
182, 1468
182, 1541
182, 1543
182, 1686
183, 1495
183, 1794
183, 1862
184, 867
185, 690
185, 1762
185, 1862
186, 1106
186, 1314
186, 1380
186, 1543
186, 1572
186, 1794
186, 1862
187, 997
188, 741
188, 1206
188, 1382
188, 1543
188, 1720
188, 1969
189, 638
189, 1581
190, 1272
190, 1809
191, 201
191, 1370
192, 626
192, 638
192, 1206
192, 1606
192, 1759
193, 457
193, 592
193, 1370
193, 1840
194, 1244
194, 1794
195, 228
195, 378
195, 454
195, 550
195, 633
195, 685
195, 1055
195, 1106
195, 1204
195, 1431
195, 1440
195, 1455
195, 1618
195, 1720
195, 1754
195, 1820
195, 1874
195, 1912
196, 1576
196, 1857
197, 1522
197, 1538
198, 519
198, 592
198, 1106
198, 1449
198, 1800
199, 638
199, 1543
200, 1535
200, 1862
201, 203
201, 234
201, 259
201, 275
201, 355
201, 378
201, 431
201, 451
201, 475
201, 546
201, 587
201, 608
201, 619
201, 638
201, 653
201, 676
201, 684
201, 699
201, 705
201, 790
201, 811
201, 816
201, 831
201, 832
201, 883
201, 964
201, 986
201, 1026
201, 1032
201, 1046
201, 1096
201, 1106
201, 1272
201, 1380
201, 1473
201, 1522
201, 1539
201, 1543
201, 1572
201, 1585
201, 1682
201, 1706
201, 1720
201, 1764
201, 1840
201, 1847
201, 1857
201, 1862
201, 1893
201, 1986
202, 345
202, 352
202, 381
202, 444
202, 619
202, 785
202, 867
202, 883
202, 1106
202, 1168
202, 1286
202, 1338
202, 1380
202, 1543
202, 1687
202, 1720
202, 1950
203, 868
203, 883
203, 966
203, 1469
203, 1548
203, 1720
204, 652
205, 660
205, 1032
206, 1380
206, 1724
207, 1618
208, 1133
208, 1720
209, 638
209, 1958
210, 438
210, 984
210, 1206
210, 1303
210, 1585
210, 1862
210, 1944
211, 638
211, 1383
212, 484
212, 1149
212, 1637
212, 1791
213, 668
213, 1461
213, 1490
213, 1561
213, 1720
213, 1736
213, 1958
214, 638
214, 1366
215, 290
215, 998
215, 1206
215, 1735
216, 532
216, 1236
216, 1763
217, 1106
217, 1637
217, 1663
217, 1861
218, 1032
219, 618
219, 638
219, 909
219, 937
219, 1236
219, 1380
219, 1548
219, 1720
219, 1763
220, 1585
220, 1615
221, 845
221, 883
222, 1809
223, 909
223, 1240
223, 1561
224, 234
224, 1548
225, 431
225, 1516
225, 1580
226, 749
226, 1370
226, 1840
228, 819
228, 874
228, 1029
228, 1046
228, 1091
228, 1106
228, 1255
228, 1430
228, 1445
229, 793
229, 864
229, 1032
229, 1566
229, 1763
229, 1862
230, 358
230, 641
230, 1011
230, 1145
230, 1307
230, 1535
230, 1548
230, 1720
230, 1884
231, 690
231, 1106
232, 1006
233, 964
233, 1827
234, 339
234, 365
234, 378
234, 388
234, 431
234, 437
234, 444
234, 509
234, 519
234, 556
234, 600
234, 605
234, 610
234, 638
234, 706
234, 741
234, 778
234, 883
234, 935
234, 964
234, 1032
234, 1091
234, 1106
234, 1138
234, 1161
234, 1163
234, 1195
234, 1253
234, 1263
234, 1272
234, 1325
234, 1332
234, 1366
234, 1370
234, 1377
234, 1380
234, 1519
234, 1543
234, 1548
234, 1557
234, 1566
234, 1585
234, 1618
234, 1630
234, 1682
234, 1695
234, 1709
234, 1720
234, 1729
234, 1733
234, 1752
234, 1763
234, 1778
234, 1820
234, 1821
234, 1840
234, 1862
234, 1888
234, 1948
235, 1329
236, 1532
236, 1543
238, 1183
239, 638
239, 791
239, 1046
239, 1307
239, 1585
239, 1810
239, 1862
240, 431
240, 883
241, 1720
242, 440
242, 716
242, 1049
242, 1720
242, 1779
243, 473
243, 619
245, 1548
246, 1543
246, 1702
246, 1945
247, 638
247, 1106
247, 1637
248, 1543
249, 1862
250, 945
250, 1366
250, 1543
251, 281
251, 638
251, 1195
252, 1620
253, 281
253, 1543
254, 730
254, 986
255, 674
255, 1585
255, 1831
256, 1197
257, 432
257, 674
257, 702
257, 1585
257, 1862
258, 982
258, 1053
258, 1585
259, 963
259, 1380
259, 1396
259, 1495
259, 1883
260, 1380
261, 1236
262, 1074
262, 1380
262, 1808
263, 378
263, 1549
263, 1862
264, 1005
265, 1063
266, 802
267, 1370
267, 1750
268, 378
268, 510
268, 638
268, 943
268, 961
268, 1106
268, 1111
268, 1162
268, 1272
268, 1494
268, 1495
268, 1543
268, 1566
268, 1581
268, 1633
268, 1862
268, 1873
268, 1883
269, 292
269, 522
269, 638
269, 964
269, 1342
269, 1380
269, 1387
269, 1720
269, 1862
270, 1106
271, 514
272, 968
272, 1543
272, 1720
273, 1370
274, 543
274, 638
274, 1100
274, 1106
275, 688
275, 721
275, 1763
276, 977
276, 1392
278, 1999
279, 1794
280, 1106
281, 318
281, 387
281, 454
281, 531
281, 633
281, 638
281, 647
281, 668
281, 700
281, 722
281, 725
281, 845
281, 883
281, 932
281, 974
281, 1038
281, 1049
281, 1106
281, 1246
281, 1312
281, 1320
281, 1321
281, 1446
281, 1460
281, 1495
281, 1516
281, 1543
281, 1561
281, 1585
281, 1589
281, 1618
281, 1633
281, 1637
281, 1720
281, 1742
281, 1748
281, 1758
281, 1818
281, 1820
281, 1840
281, 1862
281, 1881
281, 1916
282, 682
283, 1106
283, 1138
283, 1380
283, 1388
283, 1710
283, 1970
284, 1430
285, 431
285, 711
286, 1585
287, 1720
288, 527
288, 638
288, 680
288, 729
288, 753
288, 1440
289, 1266
290, 363
290, 405
290, 431
290, 441
290, 450
290, 461
290, 503
290, 523
290, 585
290, 631
290, 638
290, 680
290, 715
290, 741
290, 819
290, 845
290, 883
290, 984
290, 1026
290, 1035
290, 1050
290, 1052
290, 1055
290, 1056
290, 1086
290, 1106
290, 1170
290, 1186
290, 1214
290, 1253
290, 1255
290, 1272
290, 1282
290, 1307
290, 1320
290, 1380
290, 1392
290, 1440
290, 1445
290, 1522
290, 1543
290, 1548
290, 1566
290, 1682
290, 1706
290, 1716
290, 1720
290, 1729
290, 1736
290, 1737
290, 1762
290, 1763
290, 1821
290, 1846
290, 1883
290, 1958
291, 1691
293, 1543
294, 1032
295, 964
295, 1211
295, 1635
296, 1231
296, 1286
296, 1763
297, 883
297, 1296
297, 1380
297, 1847
298, 638
298, 690
298, 1272
299, 643
299, 883
299, 1015
299, 1106
300, 1293
300, 1370
300, 1720
301, 1557
303, 1543
303, 1862
304, 883
306, 444
306, 988
306, 1106
307, 1271
308, 638
308, 1274
308, 1380
308, 1543
309, 1089
310, 431
310, 1683
311, 731
311, 1543
312, 864
313, 1106
313, 1752
313, 1862
314, 1044
315, 1262
316, 1106
316, 1543
317, 734
317, 1176
317, 1592
317, 1637
317, 1644
317, 1720
317, 1883
318, 511
318, 968
318, 996
318, 1951
319, 1543
320, 378
320, 619
320, 1572
320, 1607
321, 1543
323, 883
323, 1862
324, 1720
325, 1513
325, 1862
326, 638
326, 791
327, 1380
327, 1889
328, 451
329, 680
330, 502
330, 1606
331, 1134
332, 807
332, 1543
333, 1543
333, 1615
334, 551
335, 1171
336, 497
336, 1736
337, 1543
338, 1682
338, 1977
339, 1355
339, 1794
340, 1543
340, 1862
341, 523
341, 883
341, 1763
341, 1862
342, 546
342, 1211
342, 1861
342, 1965
343, 532
343, 696
343, 915
343, 964
343, 1106
343, 1236
343, 1255
343, 1272
343, 1320
343, 1461
343, 1627
343, 1643
343, 1684
343, 1737
343, 1751
343, 1794
343, 1883
344, 638
344, 1548
345, 352
345, 440
345, 859
345, 1021
345, 1106
345, 1380
345, 1461
345, 1543
345, 1622
345, 1635
345, 1729
345, 1737
345, 1763
345, 1917
346, 459
347, 1380
347, 1763
348, 1106
348, 1543
349, 462
349, 1525
349, 1979
350, 575
350, 1527
351, 1438
351, 1543
351, 1862
352, 444
352, 484
352, 523
352, 579
352, 585
352, 629
352, 630
352, 633
352, 638
352, 694
352, 738
352, 742
352, 845
352, 851
352, 883
352, 968
352, 1002
352, 1106
352, 1130
352, 1145
352, 1157
352, 1167
352, 1186
352, 1191
352, 1206
352, 1236
352, 1266
352, 1298
352, 1320
352, 1370
352, 1380
352, 1381
352, 1387
352, 1440
352, 1441
352, 1490
352, 1516
352, 1522
352, 1543
352, 1561
352, 1585
352, 1587
352, 1601
352, 1643
352, 1682
352, 1706
352, 1720
352, 1762
352, 1763
352, 1794
352, 1808
352, 1840
352, 1883
352, 1894
352, 1946
352, 1970
353, 862
354, 420
354, 1287
354, 1809
355, 1223
356, 1106
357, 1165
357, 1911
358, 1307
358, 1543
358, 1720
358, 1737
358, 1862
359, 1948
360, 1682
361, 774
361, 1522
362, 1380
362, 1729
363, 367
363, 523
363, 559
363, 845
363, 951
363, 1106
363, 1206
363, 1583
363, 1644
363, 1862
363, 1970
364, 800
365, 482
365, 619
365, 775
365, 845
365, 864
365, 883
365, 968
365, 998
365, 1106
365, 1138
365, 1206
365, 1217
365, 1236
365, 1370
365, 1380
365, 1522
365, 1543
365, 1590
365, 1637
365, 1687
365, 1720
365, 1788
365, 1812
365, 1813
365, 1840
365, 1855
365, 1862
366, 1720
367, 633
367, 1543
367, 1651
367, 1687
367, 1883
368, 585
368, 909
368, 1862
369, 706
369, 1682
370, 951
370, 1383
370, 1387
371, 1637
372, 1794
373, 897
373, 1590
373, 1862
374, 551
374, 638
374, 1446
375, 1106
376, 739
376, 1106
377, 1106
377, 1370
377, 1557
377, 1794
378, 479
378, 480
378, 489
378, 515
378, 589
378, 617
378, 619
378, 638
378, 641
378, 647
378, 654
378, 664
378, 675
378, 679
378, 690
378, 718
378, 753
378, 762
378, 764
378, 791
378, 792
378, 814
378, 830
378, 845
378, 859
378, 864
378, 883
378, 896
378, 912
378, 944
378, 946
378, 964
378, 968
378, 973
378, 984
378, 1032
378, 1049
378, 1106
378, 1139
378, 1195
378, 1211
378, 1228
378, 1233
378, 1318
378, 1370
378, 1379
378, 1380
378, 1426
378, 1431
378, 1477
378, 1490
378, 1495
378, 1513
378, 1515
378, 1516
378, 1543
378, 1548
378, 1585
378, 1592
378, 1608
378, 1621
378, 1632
378, 1682
378, 1720
378, 1737
378, 1743
378, 1777
378, 1794
378, 1809
378, 1810
378, 1840
378, 1845
378, 1851
378, 1862
378, 1873
378, 1881
378, 1929
378, 1934
378, 1951
379, 1380
379, 1862
380, 554
381, 1494
381, 1522
382, 1681
383, 1380
384, 1106
385, 1862
386, 1548
387, 592
387, 638
387, 1032
387, 1106
387, 1392
387, 1585
387, 1660
387, 1737
388, 638
388, 883
388, 1125
388, 1543
389, 454
389, 708
389, 770
389, 1466
390, 582
390, 1718
391, 1106
392, 964
392, 1888
393, 1561
393, 1965
394, 638
395, 1106
395, 1177
396, 1460
396, 1862
397, 1547
398, 638
398, 686
399, 639
399, 1106
399, 1966
400, 982
400, 1495
401, 782
401, 1005
401, 1522
402, 479
402, 825
403, 1548
404, 551
404, 1223
405, 1561
406, 1206
406, 1380
406, 1862
407, 1843
408, 864
409, 1516
410, 845
410, 1925
411, 883
411, 1380
411, 1682
411, 1862
412, 1236
414, 1566
415, 909
416, 1106
416, 1543
416, 1618
417, 1106
418, 1495
419, 468
419, 1480
420, 1543
421, 872
421, 1370
422, 1106
422, 1392
423, 883
424, 1809
425, 444
425, 1301
425, 1320
425, 1447
426, 1032
426, 1567
426, 1742
427, 1302
427, 1519
428, 1409
428, 1732
428, 1823
429, 1106
430, 1543
431, 512
431, 523
431, 537
431, 540
431, 582
431, 638
431, 643
431, 677
431, 745
431, 751
431, 792
431, 828
431, 883
431, 903
431, 1023
431, 1032
431, 1044
431, 1049
431, 1106
431, 1153
431, 1169
431, 1174
431, 1206
431, 1272
431, 1335
431, 1365
431, 1366
431, 1380
431, 1497
431, 1543
431, 1572
431, 1576
431, 1585
431, 1613
431, 1625
431, 1682
431, 1688
431, 1718
431, 1720
431, 1728
431, 1729
431, 1810
431, 1834
431, 1857
431, 1862
431, 1884
431, 1903
431, 1905
431, 1996
432, 454
433, 1720
434, 569
434, 632
434, 1380
434, 1543
434, 1644
434, 1720
434, 1970
435, 773
436, 657
436, 1307
437, 1862
438, 516
439, 859
439, 894
439, 1543
439, 1720
440, 1272
441, 496
442, 1720
443, 549
444, 509
444, 619
444, 638
444, 680
444, 838
444, 878
444, 883
444, 917
444, 968
444, 990
444, 994
444, 1038
444, 1106
444, 1149
444, 1211
444, 1350
444, 1543
444, 1585
444, 1664
444, 1720
444, 1729
444, 1759
444, 1794
444, 1830
444, 1862
444, 1883
445, 633
446, 540
446, 548
447, 974
447, 1320
447, 1737
448, 465
448, 1566
448, 1585
449, 1561
450, 582
451, 612
451, 646
451, 686
451, 737
451, 1046
451, 1106
451, 1158
451, 1392
451, 1397
451, 1448
451, 1585
451, 1682
451, 1751
451, 1840
451, 1862
451, 1873
451, 1928
452, 1106
452, 1720
453, 1021
453, 1098
453, 1548
453, 1682
453, 1741
453, 1883
454, 626
454, 632
454, 633
454, 753
454, 845
454, 867
454, 883
454, 942
454, 951
454, 1106
454, 1206
454, 1212
454, 1236
454, 1272
454, 1305
454, 1320
454, 1326
454, 1380
454, 1396
454, 1397
454, 1461
454, 1548
454, 1556
454, 1566
454, 1590
454, 1682
454, 1720
454, 1737
454, 1862
454, 1970
455, 630
456, 1862
457, 1878
458, 883
458, 922
458, 1106
458, 1519
458, 1687
459, 514
459, 638
459, 995
459, 1585
459, 1720
459, 1815
459, 1828
459, 1862
459, 1905
460, 1380
461, 1272
461, 1768
462, 1062
462, 1548
463, 668
463, 1845
464, 1818
465, 1106
465, 1720
466, 1720
469, 632
469, 1102
470, 1883
471, 1228
472, 1857
472, 1873
473, 699
474, 966
475, 1320
475, 1862
476, 1106
476, 1862
477, 502
477, 964
477, 1543
477, 1566
477, 1682
478, 883
479, 523
479, 684
479, 717
479, 773
479, 844
479, 952
479, 1106
479, 1229
479, 1236
479, 1269
479, 1271
479, 1289
479, 1341
479, 1385
479, 1396
479, 1539
479, 1543
479, 1556
479, 1557
479, 1720
479, 1778
479, 1814
479, 1842
479, 1852
479, 1862
479, 1873
479, 1974
481, 638
482, 1180
483, 1106
483, 1195
483, 1278
483, 1888
484, 773
484, 964
484, 1077
484, 1380
484, 1495
484, 1720
484, 1763
484, 1862
484, 1889
485, 1420
486, 1546
486, 1686
487, 1261
487, 1380
487, 1720
488, 1110
488, 1548
489, 883
489, 1552
489, 1720
490, 883
490, 974
490, 1272
491, 1050
491, 1576
492, 638
492, 749
493, 1561
495, 1972
496, 1083
497, 638
497, 1720
498, 593
498, 831
498, 1440
499, 1032
499, 1106
500, 808
501, 1106
502, 1380
504, 1106
504, 1720
504, 1753
505, 1485
506, 1682
507, 1046
507, 1694
508, 1543
509, 638
509, 837
509, 874
509, 883
509, 968
509, 1106
509, 1128
509, 1272
509, 1461
509, 1516
509, 1543
509, 1720
509, 1859
509, 1862
510, 1409
511, 1965
512, 523
512, 697
512, 976
512, 1255
512, 1366
512, 1380
512, 1566
512, 1720
512, 1862
513, 1424
515, 680
515, 883
515, 1106
516, 1032
517, 1543
518, 1548
518, 1585
520, 883
520, 1543
520, 1938
521, 946
522, 845
523, 601
523, 604
523, 638
523, 734
523, 773
523, 784
523, 883
523, 946
523, 976
523, 1106
523, 1146
523, 1440
523, 1450
523, 1543
523, 1548
523, 1592
523, 1653
523, 1654
523, 1687
523, 1720
523, 1840
523, 1862
523, 1873
523, 1920
523, 1936
523, 1990
524, 864
524, 1272
525, 1380
526, 1763
527, 638
527, 690
527, 1682
528, 1115
529, 903
530, 1585
530, 1764
531, 823
531, 883
531, 932
531, 1106
531, 1167
531, 1255
531, 1358
531, 1451
531, 1525
531, 1682
531, 1720
531, 1763
531, 1798
531, 1840
532, 619
532, 638
532, 864
532, 883
532, 958
532, 1032
532, 1087
532, 1106
532, 1126
532, 1162
532, 1198
532, 1217
532, 1236
532, 1380
532, 1392
532, 1444
532, 1763
532, 1834
532, 1840
532, 1857
533, 1370
534, 1720
535, 1638
536, 807
536, 1883
538, 567
538, 1883
540, 1049
540, 1451
540, 1883
540, 1912
541, 1585
541, 1769
542, 1543
542, 1794
544, 883
544, 1585
544, 1862
545, 1519
545, 1945
546, 669
546, 1106
546, 1222
546, 1333
546, 1406
546, 1958
547, 883
547, 907
547, 1153
547, 1809
548, 1106
548, 1121
548, 1206
548, 1253
549, 1458
549, 1511
550, 1590
551, 883
551, 961
551, 1291
551, 1370
551, 1457
551, 1543
551, 1643
551, 1828
551, 1862
552, 634
553, 638
553, 1720
555, 1671
556, 1055
557, 1843
558, 1106
559, 1366
560, 1214
560, 1548
561, 1392
562, 1791
564, 638
564, 792
564, 1380
564, 1737
565, 1098
565, 1522
566, 883
566, 1543
566, 1862
567, 1106
567, 1287
567, 1548
567, 1580
567, 1621
568, 1862
569, 632
570, 741
571, 1072
571, 1206
572, 1106
573, 1392
574, 1720
575, 1032
575, 1430
575, 1682
575, 1720
576, 1380
576, 1392
577, 638
578, 1682
579, 1106
579, 1862
580, 1150
580, 1236
581, 855
582, 638
582, 668
582, 968
582, 990
582, 1032
582, 1040
582, 1106
582, 1174
582, 1227
582, 1380
582, 1405
582, 1407
582, 1447
582, 1543
582, 1548
582, 1585
582, 1687
582, 1720
582, 1865
583, 1900
584, 883
584, 1206
584, 1585
584, 1862
585, 638
585, 753
585, 1212
585, 1312
585, 1364
585, 1370
585, 1380
585, 1445
585, 1543
585, 1637
585, 1682
585, 1862
585, 1871
586, 1840
587, 1370
587, 1687
588, 1059
589, 1912
590, 1862
591, 1380
591, 1548
592, 1247
592, 1862
593, 638
593, 990
593, 1451
594, 622
594, 949
594, 1380
594, 1413
595, 1169
596, 1153
596, 1396
596, 1543
596, 1875
596, 1942
597, 1115
597, 1585
597, 1736
598, 1566
599, 638
601, 791
601, 1130
601, 1241
602, 671
603, 1106
603, 1233
604, 625
604, 802
604, 845
604, 1236
604, 1320
604, 1380
604, 1543
604, 1737
604, 1755
604, 1888
604, 1984
604, 1997
606, 1236
607, 1129
608, 883
608, 1628
609, 745
609, 1720
609, 1931
610, 1543
611, 1319
612, 1839
613, 964
613, 1272
614, 1543
615, 617
616, 1543
618, 638
618, 1211
618, 1378
618, 1744
619, 638
619, 802
619, 968
619, 1106
619, 1123
619, 1231
619, 1266
619, 1313
619, 1370
619, 1380
619, 1397
619, 1409
619, 1430
619, 1543
619, 1585
619, 1720
619, 1802
619, 1821
619, 1847
619, 1862
619, 1871
620, 784
622, 1106
623, 1267
624, 638
624, 883
624, 1032
626, 642
626, 1106
627, 638
629, 883
631, 990
632, 638
632, 680
632, 780
632, 781
632, 800
632, 835
632, 864
632, 883
632, 957
632, 1008
632, 1032
632, 1066
632, 1082
632, 1099
632, 1106
632, 1148
632, 1153
632, 1187
632, 1191
632, 1225
632, 1236
632, 1255
632, 1343
632, 1380
632, 1459
632, 1495
632, 1500
632, 1516
632, 1522
632, 1543
632, 1548
632, 1575
632, 1585
632, 1617
632, 1634
632, 1682
632, 1683
632, 1720
632, 1821
632, 1845
632, 1847
632, 1862
632, 1883
632, 1885
632, 1899
632, 1958
632, 1965
632, 1969
632, 1970
633, 691
633, 883
633, 1002
633, 1106
633, 1236
633, 1259
633, 1370
633, 1380
633, 1466
633, 1484
633, 1488
633, 1495
633, 1543
633, 1548
633, 1651
634, 718
634, 773
634, 789
634, 1106
634, 1366
635, 638
635, 801
635, 828
635, 964
635, 1342
635, 1650
635, 1720
636, 685
637, 1380
638, 641
638, 647
638, 659
638, 668
638, 689
638, 690
638, 695
638, 702
638, 714
638, 734
638, 739
638, 753
638, 758
638, 773
638, 774
638, 787
638, 791
638, 796
638, 800
638, 805
638, 807
638, 842
638, 859
638, 860
638, 864
638, 867
638, 872
638, 876
638, 877
638, 883
638, 894
638, 904
638, 928
638, 932
638, 940
638, 964
638, 968
638, 971
638, 974
638, 975
638, 984
638, 986
638, 990
638, 1011
638, 1031
638, 1032
638, 1033
638, 1046
638, 1055
638, 1071
638, 1106
638, 1107
638, 1115
638, 1119
638, 1126
638, 1133
638, 1158
638, 1159
638, 1161
638, 1167
638, 1182
638, 1186
638, 1206
638, 1211
638, 1238
638, 1247
638, 1253
638, 1256
638, 1266
638, 1267
638, 1272
638, 1288
638, 1298
638, 1304
638, 1313
638, 1320
638, 1357
638, 1366
638, 1370
638, 1375
638, 1377
638, 1380
638, 1392
638, 1394
638, 1397
638, 1406
638, 1412
638, 1413
638, 1426
638, 1430
638, 1440
638, 1445
638, 1453
638, 1460
638, 1522
638, 1525
638, 1526
638, 1543
638, 1548
638, 1555
638, 1557
638, 1558
638, 1561
638, 1563
638, 1565
638, 1566
638, 1576
638, 1585
638, 1594
638, 1601
638, 1629
638, 1633
638, 1637
638, 1642
638, 1682
638, 1687
638, 1696
638, 1706
638, 1714
638, 1717
638, 1720
638, 1723
638, 1733
638, 1736
638, 1737
638, 1751
638, 1763
638, 1764
638, 1765
638, 1782
638, 1784
638, 1794
638, 1809
638, 1810
638, 1819
638, 1820
638, 1821
638, 1825
638, 1827
638, 1829
638, 1840
638, 1845
638, 1850
638, 1860
638, 1861
638, 1862
638, 1869
638, 1872
638, 1873
638, 1875
638, 1876
638, 1883
638, 1905
638, 1909
638, 1919
638, 1929
638, 1945
638, 1947
638, 1950
638, 1958
638, 1963
638, 1982
638, 1989
639, 1272
639, 1536
640, 1706
640, 1828
641, 807
641, 984
641, 1236
641, 1341
641, 1538
641, 1543
641, 1644
641, 1720
641, 1834
641, 1883
642, 1272
642, 1729
643, 1000
643, 1106
643, 1380
644, 1777
645, 1405
645, 1431
647, 847
647, 889
647, 985
647, 1032
647, 1106
647, 1207
647, 1585
647, 1598
647, 1618
647, 1720
647, 1764
647, 1861
648, 1127
648, 1392
648, 1417
648, 1544
648, 1687
648, 1942
649, 1586
650, 1543
651, 776
651, 1588
654, 1220
655, 817
656, 1032
656, 1516
657, 907
657, 1370
657, 1538
657, 1765
657, 1862
658, 1561
658, 1763
659, 883
659, 1032
660, 883
660, 1543
661, 1044
661, 1694
661, 1720
662, 1736
663, 884
664, 1543
664, 1820
665, 1585
665, 1618
666, 1718
667, 1106
668, 1093
668, 1194
668, 1380
668, 1495
668, 1543
668, 1687
668, 1736
670, 1561
670, 1763
671, 1387
672, 1186
673, 1618
674, 1206
675, 1169
675, 1320
675, 1543
676, 883
676, 1543
678, 1106
679, 804
679, 883
679, 1115
679, 1526
679, 1543
679, 1548
679, 1572
679, 1706
679, 1915
680, 834
680, 883
680, 908
680, 1100
680, 1490
680, 1858
681, 828
681, 1392
682, 1704
683, 1106
683, 1364
683, 1380
683, 1601
683, 1859
683, 1905
684, 773
684, 986
684, 1032
684, 1106
684, 1171
684, 1370
684, 1525
684, 1867
685, 1106
686, 1106
686, 1557
687, 1380
687, 1543
688, 1649
690, 848
690, 858
690, 879
690, 883
690, 1032
690, 1081
690, 1083
690, 1106
690, 1112
690, 1136
690, 1144
690, 1223
690, 1380
690, 1386
690, 1404
690, 1438
690, 1463
690, 1543
690, 1563
690, 1568
690, 1572
690, 1583
690, 1585
690, 1720
690, 1821
690, 1840
690, 1883
690, 1905
690, 1993
691, 964
692, 845
693, 1049
693, 1543
694, 1960
695, 1718
697, 1020
698, 942
698, 1253
698, 1543
699, 1125
700, 1106
701, 962
701, 1958
703, 706
703, 1465
704, 1227
705, 1729
706, 1106
707, 1106
709, 734
709, 807
710, 1495
713, 845
714, 1472
715, 753
716, 773
717, 1336
717, 1958
718, 880
718, 968
718, 1106
718, 1272
718, 1339
718, 1366
718, 1370
718, 1508
718, 1585
718, 1682
718, 1981
719, 792
719, 1206
719, 1548
719, 1763
720, 800
720, 1718
721, 859
722, 1687
722, 1898
723, 867
723, 1106
723, 1521
724, 850
724, 1941
725, 957
726, 895
726, 1736
727, 773
727, 1106
727, 1548
728, 1136
728, 1572
730, 1032
730, 1970
732, 986
732, 1370
733, 1106
733, 1654
734, 745
734, 808
734, 845
734, 869
734, 1106
734, 1366
734, 1516
734, 1535
734, 1558
734, 1682
734, 1720
734, 1958
735, 1796
736, 1380
736, 1720
737, 1808
738, 1320
738, 1353
738, 1380
738, 1958
739, 851
739, 1149
739, 1307
739, 1370
739, 1495
739, 1710
739, 1720
739, 1862
740, 1387
740, 1862
741, 1130
741, 1543
742, 1380
743, 1794
745, 1167
745, 1185
745, 1370
745, 1519
745, 1536
745, 1720
745, 1794
746, 1206
747, 1106
747, 1763
747, 1822
748, 1958
749, 883
749, 986
749, 1011
749, 1100
749, 1106
749, 1294
749, 1320
749, 1380
749, 1667
749, 1862
749, 1895
749, 1965
750, 1840
751, 956
751, 1495
751, 1618
751, 1682
751, 1794
751, 1862
752, 1543
753, 773
753, 1056
753, 1206
753, 1426
753, 1506
753, 1543
753, 1585
753, 1616
753, 1682
753, 1782
753, 1862
753, 1963
754, 1683
754, 1720
756, 1682
757, 1032
757, 1568
758, 1548
759, 1106
760, 1469
760, 1585
760, 1792
760, 1862
763, 1106
763, 1548
765, 1032
765, 1720
765, 1794
765, 1904
766, 1543
766, 1577
767, 792
768, 1543
769, 1118
769, 1763
770, 1272
772, 1682
773, 798
773, 883
773, 931
773, 1032
773, 1106
773, 1115
773, 1185
773, 1209
773, 1266
773, 1372
773, 1420
773, 1461
773, 1522
773, 1578
773, 1597
773, 1717
773, 1743
773, 1750
773, 1759
773, 1821
773, 1840
773, 1862
773, 1904
773, 1905
774, 819
774, 1211
774, 1420
774, 1759
774, 1883
776, 1736
777, 883
777, 1216
777, 1236
777, 1371
777, 1633
779, 1370
782, 1461
783, 1206
784, 816
784, 883
784, 1092
784, 1278
784, 1794
785, 1203
786, 1258
786, 1862
787, 1304
787, 1573
788, 1839
790, 990
790, 1049
790, 1392
790, 1820
791, 1055
791, 1106
791, 1566
791, 1585
792, 1106
792, 1380
792, 1519
792, 1794
793, 819
793, 1380
793, 1674
793, 1720
793, 1770
793, 1862
793, 1958
794, 1106
794, 1543
794, 1736
794, 1970
795, 1111
796, 1543
797, 1050
798, 1049
798, 1106
798, 1380
798, 1840
799, 1440
799, 1683
800, 1720
800, 1751
802, 1106
802, 1543
802, 1763
802, 1998
803, 1706
803, 1752
804, 1720
805, 1044
805, 1370
805, 1896
806, 1461
806, 1637
807, 883
807, 940
807, 1032
807, 1106
807, 1145
807, 1365
807, 1370
807, 1408
807, 1548
807, 1682
807, 1720
807, 1970
809, 1106
810, 1516
810, 1543
810, 1719
811, 1106
811, 1207
811, 1766
811, 1984
812, 1342
812, 1862
813, 1543
814, 1446
814, 1851
814, 1883
815, 1042
815, 1350
815, 1954
815, 1988
816, 964
816, 1106
816, 1440
816, 1548
816, 1702
816, 1982
818, 1495
818, 1557
818, 1736
819, 864
819, 993
819, 1106
819, 1490
820, 1380
820, 1543
821, 1962
822, 1720
824, 1720
825, 1255
826, 1413
827, 1034
827, 1763
827, 1794
827, 1900
827, 1962
828, 883
828, 891
828, 1380
828, 1720
828, 1752
829, 1106
829, 1671
829, 1881
829, 1905
830, 1495
831, 1125
831, 1451
831, 1543
831, 1687
831, 1782
831, 1845
832, 1055
832, 1093
832, 1370
832, 1495
832, 1543
832, 1580
832, 1585
833, 968
833, 1461
835, 1876
836, 1543
836, 1862
837, 951
837, 1255
839, 1561
840, 1106
841, 940
841, 1106
842, 1421
842, 1440
843, 1862
844, 1943
845, 883
845, 957
845, 964
845, 977
845, 1106
845, 1183
845, 1206
845, 1258
845, 1380
845, 1387
845, 1396
845, 1461
845, 1543
845, 1682
845, 1794
845, 1841
845, 1862
845, 1872
845, 1923
846, 1522
846, 1862
847, 1543
847, 1952
848, 932
848, 1032
848, 1117
848, 1272
848, 1543
848, 1720
848, 1862
849, 1120
849, 1949
850, 1340
850, 1529
850, 1585
850, 1720
850, 1862
851, 883
851, 1543
851, 1682
852, 1704
853, 1002
854, 1585
854, 1729
855, 1982
856, 1720
856, 1958
857, 1366
857, 1451
858, 1148
858, 1840
859, 883
859, 998
859, 1106
859, 1286
859, 1380
859, 1560
859, 1840
859, 1982
863, 1106
864, 903
864, 909
864, 1106
864, 1125
864, 1379
864, 1380
864, 1495
864, 1522
864, 1543
864, 1551
864, 1585
864, 1604
864, 1637
864, 1682
864, 1687
864, 1736
864, 1862
864, 1905
865, 883
866, 964
867, 1050
867, 1194
867, 1236
867, 1307
867, 1320
867, 1461
867, 1508
867, 1516
867, 1585
867, 1674
867, 1693
867, 1720
867, 1808
867, 1862
867, 1982
868, 1011
868, 1106
868, 1434
868, 1543
868, 1862
870, 1320
871, 1840
873, 1763
875, 1525
875, 1776
877, 1057
878, 1106
879, 1862
880, 1437
881, 1720
882, 1106
882, 1353
882, 1839
883, 969
883, 990
883, 995
883, 1007
883, 1011
883, 1022
883, 1026
883, 1032
883, 1033
883, 1040
883, 1049
883, 1055
883, 1075
883, 1093
883, 1106
883, 1115
883, 1118
883, 1126
883, 1135
883, 1149
883, 1150
883, 1153
883, 1164
883, 1195
883, 1200
883, 1201
883, 1206
883, 1211
883, 1214
883, 1216
883, 1236
883, 1255
883, 1256
883, 1260
883, 1266
883, 1272
883, 1277
883, 1278
883, 1284
883, 1307
883, 1320
883, 1343
883, 1370
883, 1380
883, 1387
883, 1397
883, 1426
883, 1444
883, 1451
883, 1519
883, 1528
883, 1540
883, 1543
883, 1548
883, 1555
883, 1561
883, 1571
883, 1585
883, 1611
883, 1633
883, 1641
883, 1645
883, 1654
883, 1661
883, 1667
883, 1682
883, 1710
883, 1718
883, 1720
883, 1736
883, 1737
883, 1763
883, 1821
883, 1831
883, 1840
883, 1859
883, 1862
883, 1900
883, 1902
883, 1974
883, 1979
883, 1983
884, 1071
884, 1311
885, 1048
885, 1543
886, 930
886, 1186
886, 1307
886, 1543
886, 1612
886, 1705
886, 1970
887, 1044
887, 1186
887, 1208
887, 1543
887, 1840
888, 1106
888, 1202
888, 1490
888, 1543
888, 1549
889, 946
890, 1439
891, 1557
892, 980
892, 1522
892, 1543
893, 1159
893, 1548
894, 1032
895, 1106
895, 1682
895, 1737
895, 1877
896, 1370
897, 1299
898, 1098
898, 1862
899, 1239
899, 1720
900, 1106
900, 1862
902, 1543
904, 1328
904, 1543
904, 1615
904, 1682
904, 1720
904, 1883
905, 1585
906, 1862
907, 1561
909, 998
909, 1106
909, 1284
909, 1519
909, 1534
909, 1794
909, 1862
909, 1920
910, 1236
910, 1820
911, 1106
912, 1862
913, 1074
914, 1200
915, 1010
915, 1106
915, 1301
915, 1566
915, 1806
916, 1106
917, 1720
917, 1862
918, 968
919, 1543
919, 1591
920, 1550
920, 1840
921, 1736
922, 1145
922, 1247
922, 1320
923, 1495
923, 1684
923, 1818
924, 1195
925, 1031
925, 1193
925, 1320
925, 1618
926, 1318
926, 1633
927, 1737
928, 1370
929, 1592
930, 1763
931, 946
931, 1106
931, 1822
932, 1720
932, 1958
933, 1585
935, 1590
936, 1890
938, 1106
939, 1682
940, 1380
940, 1737
941, 1115
941, 1687
942, 1106
942, 1543
942, 1821
945, 1464
946, 1539
946, 1543
946, 1729
946, 1760
946, 1763
946, 1862
946, 1939
947, 1024
947, 1342
948, 1862
949, 1272
950, 1380
950, 1794
950, 1857
951, 1106
951, 1252
951, 1362
951, 1380
951, 1383
951, 1491
951, 1543
951, 1581
951, 1718
951, 1720
952, 1380
953, 1945
954, 1198
954, 1208
955, 1032
955, 1495
956, 1255
956, 1272
957, 1106
957, 1970
959, 1862
960, 1106
960, 1557
960, 1855
961, 1380
961, 1504
961, 1862
962, 1862
963, 998
963, 1380
964, 969
964, 1043
964, 1049
964, 1106
964, 1285
964, 1308
964, 1380
964, 1472
964, 1496
964, 1543
964, 1561
964, 1593
964, 1618
964, 1676
964, 1682
964, 1683
964, 1720
964, 1736
964, 1763
964, 1794
964, 1817
964, 1833
964, 1836
964, 1840
964, 1862
964, 1873
964, 1949
964, 1999
966, 1268
966, 1380
966, 1426
966, 1543
966, 1548
966, 1720
966, 1737
966, 1862
966, 1951
967, 1720
968, 1049
968, 1055
968, 1106
968, 1195
968, 1206
968, 1223
968, 1370
968, 1397
968, 1585
968, 1594
968, 1704
968, 1764
968, 1809
968, 1821
968, 1862
968, 1905
970, 1543
971, 1106
971, 1137
971, 1145
972, 1106
972, 1720
973, 1106
973, 1320
973, 1366
974, 1106
974, 1370
975, 1106
976, 1106
976, 1720
977, 1522
978, 1461
978, 1968
979, 1132
979, 1292
980, 1857
981, 1585
982, 1106
982, 1374
982, 1775
982, 1840
982, 1938
983, 1106
983, 1970
984, 1002
984, 1005
984, 1106
984, 1380
984, 1525
984, 1720
986, 1031
986, 1060
986, 1106
986, 1272
986, 1320
986, 1337
986, 1380
986, 1535
986, 1543
986, 1599
986, 1834
986, 1862
987, 1516
988, 1883
989, 1316
989, 1370
989, 1534
989, 1543
989, 1862
989, 1876
990, 1106
990, 1320
990, 1392
990, 1454
990, 1543
990, 1585
990, 1588
990, 1637
990, 1737
990, 1862
990, 1874
990, 1883
991, 1272
992, 1106
993, 1085
994, 1032
994, 1183
994, 1401
994, 1840
995, 1106
995, 1156
995, 1370
995, 1410
995, 1548
995, 1572
995, 1597
995, 1682
995, 1733
995, 1862
996, 1687
996, 1737
998, 1106
998, 1205
998, 1256
998, 1387
998, 1392
998, 1481
998, 1543
998, 1720
998, 1729
998, 1773
998, 1983
999, 1106
999, 1561
1001, 1380
1002, 1541
1002, 1543
1002, 1720
1002, 1736
1003, 1543
1004, 1790
1005, 1440
1005, 1591
1005, 1670
1006, 1366
1006, 1548
1007, 1690
1007, 1780
1008, 1186
1008, 1380
1008, 1782
1009, 1720
1009, 1862
1010, 1572
1011, 1106
1011, 1370
1011, 1720
1012, 1106
1012, 1370
1012, 1519
1013, 1495
1014, 1495
1015, 1153
1015, 1430
1016, 1380
1016, 1720
1016, 1737
1017, 1370
1017, 1687
1018, 1106
1018, 1862
1019, 1370
1020, 1720
1021, 1106
1021, 1430
1021, 1543
1021, 1763
1021, 1800
1022, 1195
1023, 1038
1023, 1840
1024, 1800
1025, 1037
1026, 1060
1027, 1821
1028, 1191
1028, 1833
1030, 1687
1031, 1543
1031, 1840
1031, 1862
1031, 1871
1032, 1103
1032, 1106
1032, 1130
1032, 1148
1032, 1191
1032, 1195
1032, 1239
1032, 1255
1032, 1266
1032, 1272
1032, 1320
1032, 1334
1032, 1338
1032, 1366
1032, 1370
1032, 1372
1032, 1377
1032, 1380
1032, 1394
1032, 1397
1032, 1406
1032, 1418
1032, 1431
1032, 1432
1032, 1446
1032, 1469
1032, 1507
1032, 1516
1032, 1543
1032, 1548
1032, 1558
1032, 1566
1032, 1585
1032, 1590
1032, 1597
1032, 1612
1032, 1618
1032, 1654
1032, 1682
1032, 1720
1032, 1726
1032, 1729
1032, 1763
1032, 1801
1032, 1821
1032, 1840
1032, 1857
1032, 1858
1032, 1862
1032, 1883
1032, 1936
1032, 1958
1032, 1994
1035, 1585
1035, 1862
1036, 1107
1036, 1236
1037, 1320
1038, 1176
1038, 1718
1038, 1720
1038, 1763
1038, 1862
1039, 1720
1041, 1682
1042, 1720
1044, 1077
1044, 1106
1044, 1380
1044, 1543
1044, 1618
1044, 1654
1044, 1717
1044, 1718
1044, 1720
1044, 1726
1044, 1737
1044, 1957
1045, 1800
1046, 1098
1046, 1236
1046, 1268
1046, 1356
1046, 1366
1046, 1380
1046, 1440
1046, 1444
1046, 1627
1046, 1644
1046, 1654
1046, 1862
1047, 1106
1047, 1232
1049, 1106
1049, 1200
1049, 1272
1049, 1543
1049, 1585
1049, 1736
1049, 1862
1049, 1896
1050, 1106
1050, 1677
1050, 1733
1051, 1481
1053, 1255
1053, 1522
1053, 1720
1053, 1883
1054, 1873
1055, 1255
1055, 1370
1055, 1429
1055, 1450
1055, 1522
1055, 1525
1055, 1543
1055, 1590
1055, 1597
1055, 1682
1055, 1720
1055, 1821
1055, 1882
1055, 1970
1056, 1525
1058, 1543
1060, 1585
1060, 1615
1060, 1738
1060, 1822
1061, 1255
1062, 1211
1062, 1543
1063, 1862
1064, 1106
1064, 1847
1065, 1765
1066, 1258
1066, 1370
1066, 1543
1066, 1635
1066, 1737
1066, 1862
1067, 1106
1067, 1319
1067, 1543
1068, 1637
1069, 1106
1070, 1380
1070, 1636
1071, 1106
1071, 1543
1071, 1548
1073, 1897
1074, 1572
1074, 1650
1075, 1821
1076, 1307
1077, 1106
1077, 1380
1077, 1543
1078, 1572
1079, 1862
1080, 1495
1081, 1917
1082, 1106
1082, 1495
1083, 1808
1084, 1211
1084, 1396
1084, 1548
1085, 1874
1086, 1145
1088, 1720
1090, 1720
1091, 1298
1092, 1543
1093, 1258
1093, 1320
1093, 1346
1093, 1392
1093, 1451
1093, 1720
1094, 1563
1094, 1970
1095, 1543
1095, 1872
1096, 1776
1097, 1585
1098, 1106
1098, 1858
1099, 1364
1099, 1442
1100, 1356
1100, 1682
1100, 1871
1101, 1862
1104, 1548
1104, 1840
1106, 1110
1106, 1115
1106, 1122
1106, 1141
1106, 1145
1106, 1152
1106, 1153
1106, 1154
1106, 1159
1106, 1165
1106, 1172
1106, 1174
1106, 1183
1106, 1190
1106, 1195
1106, 1198
1106, 1199
1106, 1200
1106, 1206
1106, 1211
1106, 1212
1106, 1223
1106, 1236
1106, 1242
1106, 1243
1106, 1245
1106, 1254
1106, 1255
1106, 1256
1106, 1260
1106, 1266
1106, 1272
1106, 1274
1106, 1290
1106, 1302
1106, 1307
1106, 1320
1106, 1332
1106, 1335
1106, 1336
1106, 1341
1106, 1342
1106, 1348
1106, 1366
1106, 1370
1106, 1377
1106, 1380
1106, 1383
1106, 1387
1106, 1390
1106, 1392
1106, 1394
1106, 1397
1106, 1398
1106, 1400
1106, 1421
1106, 1428
1106, 1430
1106, 1433
1106, 1440
1106, 1458
1106, 1461
1106, 1465
1106, 1468
1106, 1482
1106, 1483
1106, 1491
1106, 1495
1106, 1499
1106, 1516
1106, 1519
1106, 1522
1106, 1534
1106, 1535
1106, 1537
1106, 1539
1106, 1543
1106, 1548
1106, 1553
1106, 1555
1106, 1557
1106, 1561
1106, 1563
1106, 1566
1106, 1572
1106, 1574
1106, 1579
1106, 1580
1106, 1583
1106, 1585
1106, 1590
1106, 1592
1106, 1597
1106, 1601
1106, 1608
1106, 1609
1106, 1620
1106, 1621
1106, 1633
1106, 1634
1106, 1637
1106, 1644
1106, 1658
1106, 1665
1106, 1682
1106, 1687
1106, 1702
1106, 1704
1106, 1705
1106, 1706
1106, 1718
1106, 1719
1106, 1720
1106, 1729
1106, 1736
1106, 1737
1106, 1756
1106, 1761
1106, 1763
1106, 1764
1106, 1775
1106, 1777
1106, 1782
1106, 1792
1106, 1794
1106, 1800
1106, 1809
1106, 1810
1106, 1816
1106, 1818
1106, 1820
1106, 1821
1106, 1824
1106, 1827
1106, 1828
1106, 1834
1106, 1840
1106, 1845
1106, 1847
1106, 1848
1106, 1855
1106, 1858
1106, 1859
1106, 1862
1106, 1871
1106, 1873
1106, 1876
1106, 1878
1106, 1883
1106, 1884
1106, 1893
1106, 1900
1106, 1903
1106, 1904
1106, 1905
1106, 1906
1106, 1907
1106, 1908
1106, 1917
1106, 1923
1106, 1935
1106, 1958
1106, 1970
1106, 1972
1106, 1974
1106, 1979
1106, 1982
1106, 1987
1106, 1996
1107, 1276
1107, 1289
1108, 1840
1109, 1543
1111, 1138
1111, 1862
1113, 1787
1113, 1862
1114, 1380
1115, 1522
1115, 1594
1115, 1649
1115, 1718
1115, 1862
1116, 1440
1119, 1380
1119, 1543
1119, 1682
1119, 1862
1123, 1704
1124, 1618
1125, 1206
1125, 1377
1125, 1387
1125, 1543
1125, 1717
1125, 1737
1125, 1789
1125, 1938
1125, 1970
1125, 1971
1126, 1826
1127, 1840
1129, 1862
1130, 1186
1130, 1206
1130, 1548
1130, 1559
1130, 1730
1130, 1763
1130, 1883
1131, 1211
1133, 1543
1133, 1647
1133, 1810
1134, 1543
1134, 1686
1136, 1320
1136, 1862
1138, 1227
1138, 1272
1138, 1430
1138, 1543
1138, 1720
1139, 1637
1139, 1917
1140, 1543
1141, 1392
1142, 1397
1143, 1862
1145, 1337
1145, 1380
1145, 1516
1145, 1714
1145, 1862
1146, 1236
1146, 1470
1147, 1767
1147, 1903
1149, 1543
1150, 1522
1150, 1566
1150, 1720
1150, 1844
1150, 1970
1151, 1525
1152, 1272
1153, 1519
1153, 1543
1153, 1618
1153, 1729
1153, 1763
1153, 1840
1153, 1862
1154, 1543
1155, 1717
1155, 1820
1157, 1380
1158, 1720
1159, 1572
1159, 1862
1160, 1186
1160, 1543
1161, 1465
1162, 1682
1163, 1736
1164, 1543
1166, 1682
1167, 1186
1167, 1255
1167, 1370
1167, 1543
1167, 1548
1167, 1699
1167, 1840
1168, 1555
1168, 1637
1169, 1737
1171, 1236
1173, 1402
1173, 1522
1173, 1561
1174, 1381
1174, 1720
1174, 1862
1175, 1548
1178, 1720
1178, 1883
1179, 1763
1181, 1253
1184, 1720
1186, 1380
1186, 1452
1186, 1468
1186, 1495
1186, 1585
1186, 1667
1186, 1689
1186, 1720
1186, 1724
1186, 1862
1186, 1888
1188, 1862
1189, 1687
1189, 1720
1189, 1764
1191, 1444
1191, 1465
1192, 1543
1194, 1383
1194, 1635
1195, 1380
1195, 1543
1195, 1632
1195, 1720
1195, 1948
1196, 1763
1198, 1516
1198, 1679
1198, 1720
1200, 1543
1202, 1252
1203, 1862
1204, 1440
1204, 1682
1206, 1254
1206, 1266
1206, 1366
1206, 1370
1206, 1379
1206, 1380
1206, 1400
1206, 1405
1206, 1520
1206, 1543
1206, 1548
1206, 1585
1206, 1681
1206, 1682
1206, 1720
1206, 1729
1206, 1736
1206, 1737
1206, 1794
1206, 1832
1206, 1862
1206, 1970
1207, 1543
1207, 1561
1207, 1682
1210, 1461
1211, 1262
1211, 1335
1211, 1370
1211, 1380
1211, 1543
1211, 1585
1211, 1682
1211, 1687
1211, 1720
1211, 1862
1211, 1905
1212, 1561
1212, 1585
1212, 1633
1213, 1445
1213, 1718
1213, 1862
1214, 1548
1214, 1763
1215, 1502
1216, 1339
1216, 1561
1219, 1720
1221, 1543
1221, 1862
1223, 1530
1223, 1585
1223, 1720
1223, 1763
1223, 1807
1224, 1585
1225, 1459
1226, 1380
1227, 1826
1227, 1862
1228, 1317
1228, 1579
1228, 1763
1229, 1380
1229, 1516
1230, 1690
1232, 1720
1232, 1862
1233, 1840
1234, 1543
1235, 1571
1236, 1254
1236, 1271
1236, 1273
1236, 1351
1236, 1370
1236, 1466
1236, 1512
1236, 1516
1236, 1525
1236, 1543
1236, 1558
1236, 1585
1236, 1597
1236, 1618
1236, 1637
1236, 1720
1236, 1742
1236, 1781
1236, 1794
1236, 1840
1236, 1859
1236, 1862
1236, 1873
1236, 1963
1237, 1729
1240, 1440
1242, 1827
1244, 1543
1245, 1840
1247, 1543
1247, 1700
1247, 1862
1247, 1883
1249, 1516
1249, 1954
1251, 1862
1252, 1373
1252, 1531
1252, 1543
1253, 1370
1253, 1543
1253, 1616
1253, 1682
1254, 1481
1254, 1862
1255, 1363
1255, 1543
1255, 1548
1255, 1572
1255, 1734
1255, 1840
1255, 1862
1255, 1873
1255, 1907
1256, 1566
1257, 1380
1257, 1720
1257, 1853
1257, 1862
1258, 1522
1258, 1759
1259, 1623
1260, 1862
1261, 1704
1261, 1720
1262, 1332
1262, 1714
1263, 1840
1264, 1751
1265, 1380
1265, 1862
1266, 1380
1266, 1862
1269, 1572
1270, 1862
1271, 1461
1271, 1548
1271, 1572
1271, 1585
1271, 1680
1271, 1720
1271, 1905
1272, 1283
1272, 1320
1272, 1354
1272, 1366
1272, 1380
1272, 1389
1272, 1397
1272, 1439
1272, 1465
1272, 1540
1272, 1543
1272, 1548
1272, 1558
1272, 1606
1272, 1633
1272, 1709
1272, 1720
1272, 1729
1272, 1794
1272, 1796
1272, 1840
1272, 1862
1272, 1872
1272, 1883
1272, 1905
1272, 1996
1275, 1522
1275, 1543
1275, 1682
1277, 1687
1278, 1637
1280, 1862
1281, 1440
1282, 1548
1282, 1628
1282, 1840
1284, 1794
1285, 1310
1286, 1543
1286, 1585
1287, 1654
1288, 1720
1289, 1637
1290, 1296
1290, 1380
1290, 1543
1290, 1946
1292, 1376
1292, 1720
1293, 1542
1294, 1702
1295, 1525
1295, 1804
1297, 1821
1298, 1481
1298, 1720
1298, 1925
1298, 1951
1300, 1320
1300, 1767
1302, 1763
1302, 1884
1302, 1985
1305, 1347
1305, 1490
1305, 1720
1307, 1394
1307, 1476
1307, 1543
1307, 1590
1307, 1687
1307, 1733
1307, 1821
1307, 1917
1307, 1953
1307, 1978
1308, 1440
1308, 1490
1308, 1992
1309, 1380
1309, 1461
1310, 1380
1310, 1543
1310, 1585
1312, 1543
1315, 1720
1316, 1380
1317, 1706
1318, 1370
1318, 1720
1319, 1821
1320, 1331
1320, 1344
1320, 1380
1320, 1392
1320, 1505
1320, 1543
1320, 1548
1320, 1557
1320, 1568
1320, 1572
1320, 1585
1320, 1622
1320, 1637
1320, 1682
1320, 1720
1320, 1737
1320, 1750
1320, 1762
1320, 1770
1320, 1794
1320, 1800
1320, 1821
1320, 1843
1320, 1849
1320, 1862
1320, 1865
1320, 1891
1320, 1932
1320, 1958
1320, 1963
1321, 1440
1321, 1543
1322, 1380
1323, 1633
1324, 1543
1325, 1720
1327, 1566
1327, 1590
1328, 1737
1329, 1585
1329, 1992
1331, 1370
1331, 1585
1331, 1613
1331, 1819
1332, 1413
1332, 1720
1332, 1821
1335, 1809
1336, 1955
1340, 1543
1342, 1543
1342, 1545
1342, 1652
1342, 1682
1342, 1687
1342, 1879
1342, 1950
1343, 1380
1345, 1543
1346, 1543
1346, 1862
1347, 1883
1349, 1723
1350, 1370
1351, 1522
1352, 1522
1352, 1862
1353, 1882
1353, 1906
1354, 1737
1355, 1380
1358, 1387
1359, 1543
1360, 1380
1362, 1543
1363, 1495
1364, 1495
1364, 1630
1364, 1866
1364, 1942
1366, 1377
1366, 1380
1366, 1440
1366, 1516
1366, 1519
1366, 1543
1366, 1548
1366, 1566
1366, 1720
1366, 1805
1366, 1857
1366, 1862
1366, 1995
1367, 1557
1368, 1633
1368, 1862
1369, 1720
1370, 1380
1370, 1402
1370, 1446
1370, 1461
1370, 1510
1370, 1543
1370, 1545
1370, 1548
1370, 1566
1370, 1572
1370, 1577
1370, 1585
1370, 1590
1370, 1639
1370, 1655
1370, 1682
1370, 1683
1370, 1720
1370, 1763
1370, 1765
1370, 1794
1370, 1845
1370, 1847
1370, 1862
1370, 1883
1370, 1970
1371, 1862
1372, 1543
1374, 1585
1376, 1873
1377, 1380
1377, 1601
1377, 1659
1378, 1717
1379, 1557
1379, 1637
1379, 1847
1379, 1873
1380, 1387
1380, 1413
1380, 1440
1380, 1444
1380, 1450
1380, 1464
1380, 1469
1380, 1482
1380, 1488
1380, 1490
1380, 1495
1380, 1504
1380, 1512
1380, 1516
1380, 1522
1380, 1525
1380, 1539
1380, 1540
1380, 1543
1380, 1548
1380, 1549
1380, 1560
1380, 1561
1380, 1566
1380, 1568
1380, 1570
1380, 1572
1380, 1576
1380, 1579
1380, 1585
1380, 1587
1380, 1592
1380, 1595
1380, 1602
1380, 1608
1380, 1618
1380, 1633
1380, 1635
1380, 1654
1380, 1666
1380, 1668
1380, 1670
1380, 1682
1380, 1686
1380, 1694
1380, 1702
1380, 1720
1380, 1736
1380, 1737
1380, 1739
1380, 1740
1380, 1751
1380, 1759
1380, 1763
1380, 1786
1380, 1787
1380, 1792
1380, 1794
1380, 1820
1380, 1840
1380, 1848
1380, 1862
1380, 1871
1380, 1873
1380, 1883
1380, 1905
1380, 1911
1380, 1921
1380, 1927
1380, 1946
1380, 1956
1380, 1958
1380, 1963
1380, 1970
1380, 1980
1380, 1981
1380, 1982
1380, 1983
1383, 1720
1383, 1862
1384, 1661
1385, 1495
1385, 1730
1386, 1692
1387, 1477
1387, 1495
1387, 1543
1387, 1682
1387, 1720
1387, 1821
1387, 1862
1387, 1905
1387, 1988
1388, 1862
1391, 1818
1392, 1465
1392, 1561
1392, 1594
1392, 1682
1392, 1720
1392, 1746
1392, 1767
1392, 1794
1392, 1840
1392, 1862
1392, 1963
1393, 1543
1393, 1763
1394, 1407
1394, 1543
1394, 1862
1395, 1451
1396, 1449
1396, 1543
1396, 1682
1396, 1857
1396, 1948
1397, 1422
1397, 1543
1397, 1710
1397, 1764
1397, 1862
1398, 1543
1399, 1548
1401, 1873
1402, 1519
1402, 1543
1402, 1720
1402, 1862
1403, 1836
1404, 1522
1405, 1619
1406, 1522
1406, 1618
1407, 1513
1408, 1682
1408, 1720
1408, 1974
1411, 1548
1412, 1543
1412, 1618
1413, 1558
1413, 1585
1413, 1720
1413, 1750
1413, 1914
1413, 1951
1415, 1936
1419, 1720
1419, 1737
1423, 1737
1423, 1774
1425, 1543
1426, 1543
1426, 1729
1427, 1737
1429, 1585
1429, 1718
1430, 1840
1430, 1862
1430, 1872
1430, 1913
1431, 1720
1431, 1756
1431, 1907
1432, 1543
1432, 1585
1435, 1585
1440, 1461
1440, 1471
1440, 1522
1440, 1543
1440, 1566
1440, 1610
1440, 1958
1443, 1706
1444, 1466
1444, 1543
1444, 1862
1445, 1590
1445, 1720
1445, 1763
1445, 1862
1446, 1548
1446, 1592
1446, 1862
1446, 1934
1450, 1474
1450, 1682
1451, 1706
1451, 1720
1451, 1794
1451, 1821
1451, 1840
1451, 1862
1452, 1970
1454, 1862
1455, 1682
1455, 1845
1455, 1862
1456, 1812
1460, 1461
1460, 1543
1461, 1590
1461, 1682
1461, 1687
1461, 1720
1461, 1840
1461, 1862
1462, 1813
1466, 1495
1466, 1862
1468, 1720
1469, 1730
1470, 1718
1471, 1714
1473, 1585
1474, 1720
1475, 1648
1476, 1862
1477, 1543
1477, 1583
1477, 1720
1478, 1718
1479, 1720
1482, 1588
1483, 1561
1483, 1763
1486, 1862
1487, 1566
1487, 1862
1489, 1543
1490, 1637
1490, 1720
1490, 1840
1490, 1958
1492, 1737
1493, 1862
1495, 1522
1495, 1541
1495, 1543
1495, 1548
1495, 1603
1495, 1637
1495, 1687
1495, 1720
1495, 1729
1495, 1736
1495, 1770
1495, 1808
1495, 1833
1495, 1857
1495, 1862
1495, 1968
1495, 1979
1497, 1525
1498, 1548
1499, 1576
1502, 1711
1503, 1764
1503, 1862
1504, 1618
1506, 1737
1509, 1862
1516, 1543
1516, 1585
1516, 1682
1516, 1720
1516, 1862
1516, 1926
1516, 1970
1517, 1543
1518, 1543
1519, 1534
1519, 1543
1519, 1633
1519, 1639
1519, 1703
1519, 1862
1519, 1873
1522, 1526
1522, 1543
1522, 1548
1522, 1601
1522, 1613
1522, 1618
1522, 1627
1522, 1633
1522, 1660
1522, 1720
1522, 1729
1522, 1736
1522, 1763
1522, 1782
1522, 1797
1522, 1805
1522, 1840
1522, 1857
1522, 1862
1522, 1958
1522, 1966
1522, 1967
1523, 1862
1525, 1543
1525, 1585
1525, 1720
1525, 1809
1525, 1826
1525, 1830
1525, 1858
1525, 1862
1525, 1983
1526, 1771
1530, 1654
1533, 1585
1533, 1862
1534, 1720
1534, 1854
1535, 1773
1536, 1633
1537, 1729
1538, 1641
1539, 1543
1539, 1566
1539, 1682
1540, 1548
1540, 1720
1540, 1800
1540, 1822
1541, 1765
1543, 1548
1543, 1554
1543, 1558
1543, 1560
1543, 1562
1543, 1563
1543, 1567
1543, 1568
1543, 1572
1543, 1576
1543, 1583
1543, 1585
1543, 1597
1543, 1618
1543, 1644
1543, 1654
1543, 1656
1543, 1667
1543, 1669
1543, 1682
1543, 1687
1543, 1698
1543, 1705
1543, 1706
1543, 1718
1543, 1720
1543, 1721
1543, 1736
1543, 1737
1543, 1747
1543, 1757
1543, 1761
1543, 1763
1543, 1769
1543, 1771
1543, 1790
1543, 1793
1543, 1794
1543, 1800
1543, 1802
1543, 1819
1543, 1820
1543, 1821
1543, 1840
1543, 1845
1543, 1847
1543, 1848
1543, 1849
1543, 1859
1543, 1862
1543, 1864
1543, 1867
1543, 1872
1543, 1873
1543, 1883
1543, 1888
1543, 1892
1543, 1898
1543, 1905
1543, 1914
1543, 1918
1543, 1920
1543, 1922
1543, 1941
1543, 1943
1543, 1950
1543, 1957
1543, 1958
1543, 1965
1543, 1968
1543, 1970
1543, 1972
1543, 1974
1543, 1979
1547, 1682
1547, 1838
1548, 1585
1548, 1592
1548, 1682
1548, 1683
1548, 1720
1548, 1737
1548, 1768
1548, 1770
1548, 1802
1548, 1817
1548, 1820
1548, 1851
1548, 1855
1548, 1862
1548, 1873
1548, 1887
1548, 1973
1548, 1974
1549, 1857
1550, 1862
1551, 1572
1551, 1742
1552, 1840
1555, 1720
1555, 1796
1555, 1970
1558, 1561
1558, 1572
1558, 1940
1561, 1572
1561, 1585
1561, 1618
1561, 1693
1561, 1720
1561, 1862
1561, 1883
1561, 1900
1561, 1979
1563, 1862
1566, 1655
1566, 1720
1566, 1737
1566, 1845
1566, 1855
1566, 1862
1566, 1873
1566, 1970
1566, 1979
1567, 1666
1567, 1982
1568, 1979
1569, 1706
1570, 1999
1572, 1682
1572, 1720
1572, 1832
1576, 1720
1582, 1720
1583, 1720
1583, 1862
1584, 1720
1585, 1625
1585, 1635
1585, 1637
1585, 1641
1585, 1675
1585, 1682
1585, 1694
1585, 1720
1585, 1732
1585, 1764
1585, 1769
1585, 1803
1585, 1807
1585, 1808
1585, 1814
1585, 1818
1585, 1819
1585, 1820
1585, 1821
1585, 1822
1585, 1840
1585, 1844
1585, 1847
1585, 1851
1585, 1862
1585, 1880
1585, 1883
1585, 1924
1585, 1945
1585, 1958
1585, 1970
1585, 1976
1585, 1979
1589, 1606
1589, 1682
1589, 1862
1590, 1598
1590, 1641
1590, 1796
1591, 1862
1592, 1646
1592, 1905
1596, 1687
1596, 1720
1597, 1682
1597, 1794
1597, 1883
1599, 1862
1600, 1751
1601, 1774
1601, 1821
1603, 1682
1604, 1648
1606, 1682
1609, 1729
1610, 1794
1612, 1654
1615, 1729
1615, 1862
1617, 1800
1618, 1720
1618, 1810
1618, 1862
1618, 1883
1619, 1707
1619, 1862
1619, 1872
1620, 1840
1620, 1862
1624, 1991
1625, 1764
1626, 1682
1631, 1883
1632, 1763
1633, 1672
1633, 1682
1633, 1699
1633, 1862
1634, 1704
1634, 1720
1634, 1862
1635, 1720
1635, 1791
1635, 1862
1635, 1883
1637, 1682
1637, 1717
1637, 1723
1637, 1729
1637, 1745
1637, 1802
1637, 1938
1640, 1729
1644, 1654
1644, 1711
1644, 1720
1644, 1821
1644, 1862
1644, 1905
1646, 1873
1653, 1862
1654, 1720
1654, 1862
1655, 1832
1656, 1736
1657, 1682
1659, 1862
1660, 1720
1662, 1764
1667, 1763
1671, 1889
1672, 1847
1673, 1687
1675, 1793
1677, 1836
1678, 1928
1680, 1958
1682, 1685
1682, 1704
1682, 1715
1682, 1717
1682, 1720
1682, 1722
1682, 1731
1682, 1736
1682, 1763
1682, 1785
1682, 1819
1682, 1821
1682, 1829
1682, 1840
1682, 1846
1682, 1856
1682, 1862
1682, 1874
1682, 1886
1682, 1897
1682, 1949
1682, 1951
1682, 1958
1682, 1982
1682, 1996
1683, 1720
1685, 1862
1687, 1720
1687, 1737
1687, 1742
1687, 1808
1687, 1820
1687, 1825
1687, 1858
1687, 1862
1687, 1883
1687, 1958
1697, 1720
1701, 1862
1704, 1737
1706, 1717
1706, 1765
1706, 1794
1706, 1811
1706, 1820
1706, 1840
1706, 1862
1706, 1876
1706, 1903
1712, 1763
1712, 1961
1713, 1720
1714, 1720
1714, 1808
1714, 1859
1715, 1768
1717, 1831
1717, 1983
1718, 1720
1718, 1857
1718, 1946
1718, 1970
1718, 1999
1720, 1729
1720, 1736
1720, 1737
1720, 1757
1720, 1763
1720, 1768
1720, 1774
1720, 1781
1720, 1782
1720, 1792
1720, 1794
1720, 1805
1720, 1809
1720, 1812
1720, 1813
1720, 1818
1720, 1820
1720, 1822
1720, 1834
1720, 1836
1720, 1840
1720, 1857
1720, 1862
1720, 1868
1720, 1877
1720, 1879
1720, 1883
1720, 1916
1720, 1937
1720, 1951
1720, 1956
1720, 1958
1720, 1962
1720, 1970
1720, 1974
1720, 1982
1720, 1993
1723, 1862
1727, 1970
1728, 1862
1729, 1800
1729, 1862
1729, 1933
1736, 1840
1736, 1862
1736, 1883
1736, 1917
1737, 1763
1737, 1821
1737, 1862
1737, 1880
1737, 1883
1737, 1964
1738, 1900
1743, 1862
1749, 1883
1750, 1857
1751, 1862
1752, 1840
1756, 1766
1759, 1862
1763, 1772
1763, 1822
1763, 1837
1763, 1862
1763, 1863
1763, 1883
1763, 1951
1763, 1972
1763, 1987
1764, 1782
1764, 1794
1764, 1808
1764, 1840
1764, 1847
1768, 1862
1772, 1862
1774, 1800
1774, 1862
1776, 1944
1777, 1826
1780, 1883
1782, 1873
1782, 1979
1783, 1958
1787, 1862
1789, 1883
1793, 1862
1794, 1862
1794, 1877
1794, 1883
1794, 1974
1799, 1862
1800, 1862
1800, 1905
1802, 1862
1805, 1862
1809, 1883
1810, 1862
1812, 1898
1815, 1840
1819, 1970
1820, 1855
1820, 1862
1820, 1883
1820, 1916
1821, 1840
1821, 1883
1821, 1928
1821, 1970
1822, 1964
1839, 1862
1840, 1848
1840, 1855
1840, 1862
1840, 1883
1840, 1886
1840, 1906
1840, 1933
1840, 1975
1840, 1982
1840, 1988
1842, 1958
1845, 1862
1847, 1862
1847, 1872
1848, 1862
1851, 1862
1851, 1970
1857, 1877
1857, 1883
1857, 1911
1862, 1863
1862, 1873
1862, 1883
1862, 1888
1862, 1892
1862, 1900
1862, 1905
1862, 1911
1862, 1912
1862, 1933
1862, 1942
1862, 1945
1862, 1950
1862, 1955
1862, 1957
1862, 1965
1862, 1970
1862, 1971
1862, 1983
1873, 1958
1883, 1901
1883, 1904
1883, 1911
1883, 1935
1883, 1976
1888, 1923
1888, 1970
1907, 1962
1919, 1946
1930, 1982
1958, 1970
