0, 343
0, 468
1, 38
2, 64
2, 143
2, 369
2, 398
3, 281
3, 288
4, 71
4, 431
5, 143
6, 138
7, 241
7, 342
7, 370
8, 12
8, 234
8, 290
9, 23
9, 31
9, 36
9, 103
9, 109
9, 143
9, 167
9, 182
9, 196
9, 201
9, 202
9, 231
9, 251
9, 281
9, 374
10, 337
10, 378
11, 202
11, 234
12, 23
12, 38
12, 109
12, 195
12, 405
13, 38
14, 38
15, 352
15, 465
16, 109
16, 177
16, 192
17, 209
18, 140
18, 335
19, 186
20, 24
20, 177
21, 68
21, 230
21, 234
22, 281
22, 290
23, 41
23, 60
23, 121
23, 140
23, 201
23, 213
23, 242
23, 250
23, 378
23, 426
23, 459
23, 498
24, 56
24, 104
24, 109
24, 143
24, 156
24, 454
25, 38
25, 345
26, 388
27, 41
27, 167
27, 259
28, 64
28, 195
29, 38
29, 109
29, 201
30, 84
30, 109
30, 138
30, 234
30, 272
30, 276
30, 281
30, 352
30, 365
30, 378
30, 431
31, 134
31, 234
32, 323
33, 98
34, 91
34, 201
34, 234
34, 281
35, 454
36, 345
36, 400
37, 198
37, 201
37, 290
37, 444
38, 39
38, 41
38, 42
38, 54
38, 57
38, 58
38, 64
38, 72
38, 80
38, 83
38, 86
38, 96
38, 97
38, 109
38, 114
38, 124
38, 130
38, 140
38, 143
38, 149
38, 150
38, 155
38, 158
38, 161
38, 167
38, 182
38, 192
38, 195
38, 197
38, 198
38, 202
38, 203
38, 211
38, 215
38, 216
38, 219
38, 228
38, 229
38, 234
38, 239
38, 268
38, 281
38, 285
38, 290
38, 295
38, 300
38, 310
38, 317
38, 325
38, 330
38, 332
38, 333
38, 343
38, 345
38, 352
38, 356
38, 365
38, 367
38, 368
38, 369
38, 378
38, 393
38, 415
38, 425
38, 431
38, 444
38, 451
38, 453
38, 458
38, 459
38, 461
38, 462
38, 465
38, 477
38, 479
38, 486
38, 487
38, 499
39, 217
40, 140
41, 54
41, 64
41, 76
41, 79
41, 87
41, 88
41, 110
41, 112
41, 125
41, 140
41, 150
41, 167
41, 185
41, 186
41, 191
41, 195
41, 201
41, 202
41, 208
41, 215
41, 225
41, 234
41, 239
41, 252
41, 263
41, 290
41, 299
41, 328
41, 339
41, 352
41, 365
41, 370
41, 378
41, 394
41, 395
41, 425
41, 431
41, 444
41, 451
41, 452
41, 454
41, 463
42, 343
42, 438
42, 439
43, 87
43, 143
43, 352
43, 454
44, 109
44, 431
44, 442
45, 112
46, 105
46, 290
46, 378
47, 122
47, 195
47, 219
47, 275
47, 352
47, 359
47, 436
47, 454
47, 492
48, 295
49, 223
49, 281
50, 91
50, 109
50, 143
50, 352
51, 64
51, 454
52, 330
53, 281
55, 132
56, 290
57, 94
57, 170
57, 182
57, 195
57, 281
57, 365
57, 402
57, 483
57, 496
58, 64
58, 68
58, 195
58, 201
58, 281
58, 354
58, 362
58, 402
58, 451
59, 83
60, 88
60, 167
60, 231
60, 264
60, 281
60, 288
60, 378
60, 387
60, 479
61, 152
61, 290
62, 138
62, 345
63, 199
64, 73
64, 76
64, 90
64, 92
64, 112
64, 125
64, 129
64, 143
64, 150
64, 158
64, 167
64, 181
64, 188
64, 201
64, 202
64, 206
64, 228
64, 234
64, 237
64, 248
64, 254
64, 255
64, 268
64, 269
64, 273
64, 279
64, 290
64, 306
64, 342
64, 343
64, 351
64, 352
64, 365
64, 367
64, 378
64, 388
64, 416
64, 428
64, 431
64, 439
64, 444
64, 451
64, 454
64, 459
64, 475
64, 479
64, 484
65, 203
65, 215
66, 378
67, 229
68, 114
68, 125
68, 172
68, 179
68, 230
68, 290
68, 343
68, 352
68, 358
68, 371
68, 378
68, 429
68, 444
68, 461
69, 378
70, 201
70, 343
71, 365
73, 95
73, 143
73, 202
73, 217
73, 290
73, 294
73, 333
73, 431
73, 450
73, 482
74, 352
74, 387
75, 246
75, 378
76, 129
76, 195
76, 201
76, 234
76, 259
76, 268
76, 281
76, 290
76, 308
76, 326
76, 378
76, 422
76, 490
77, 162
78, 274
78, 365
78, 388
78, 444
79, 143
79, 479
79, 490
80, 143
80, 288
80, 352
80, 410
81, 150
82, 213
83, 125
84, 125
84, 240
84, 275
84, 281
84, 308
84, 444
84, 484
85, 193
85, 367
85, 378
86, 109
86, 143
86, 427
87, 290
87, 378
88, 112
88, 201
88, 343
88, 431
88, 444
88, 451
89, 387
92, 368
93, 111
93, 493
94, 130
94, 178
94, 268
94, 378
94, 451
95, 352
96, 185
96, 201
96, 271
96, 348
96, 431
98, 262
99, 343
99, 378
100, 201
100, 352
101, 150
102, 201
104, 189
105, 143
105, 167
105, 201
105, 250
106, 378
107, 234
107, 448
108, 139
108, 399
109, 192
109, 198
109, 234
109, 246
109, 365
109, 378
109, 384
109, 444
109, 459
109, 484
110, 234
110, 368
110, 434
111, 447
112, 168
112, 201
112, 234
112, 372
112, 451
113, 140
113, 142
113, 303
114, 281
114, 304
114, 317
114, 451
115, 187
116, 453
117, 290
117, 353
117, 378
117, 444
118, 290
119, 431
120, 444
122, 315
123, 281
124, 398
124, 444
125, 195
125, 201
125, 234
125, 303
125, 317
125, 352
125, 404
125, 431
125, 491
126, 250
127, 164
128, 431
129, 150
129, 157
129, 228
129, 327
129, 340
129, 352
129, 389
130, 352
131, 290
132, 239
132, 286
133, 167
133, 234
134, 150
135, 378
135, 421
136, 352
137, 140
137, 235
138, 312
138, 350
138, 363
139, 265
140, 170
140, 201
140, 216
140, 234
140, 290
140, 320
140, 344
140, 352
140, 378
140, 392
140, 444
140, 451
140, 492
141, 269
141, 352
143, 149
143, 165
143, 167
143, 174
143, 182
143, 188
143, 201
143, 202
143, 205
143, 212
143, 214
143, 234
143, 257
143, 268
143, 274
143, 275
143, 281
143, 290
143, 309
143, 318
143, 319
143, 343
143, 345
143, 352
143, 363
143, 378
143, 383
143, 385
143, 444
143, 449
143, 453
143, 454
143, 461
143, 462
143, 479
143, 490
143, 497
143, 499
144, 201
144, 352
145, 433
146, 201
146, 477
147, 431
148, 253
148, 459
150, 203
150, 208
150, 249
150, 258
150, 281
150, 290
150, 300
150, 318
150, 331
150, 341
150, 365
150, 378
150, 401
150, 431
150, 437
150, 454
151, 201
153, 201
154, 350
154, 448
154, 483
156, 259
156, 495
157, 352
157, 365
158, 352
159, 378
160, 281
160, 479
161, 378
163, 345
164, 195
164, 290
164, 378
164, 392
164, 431
164, 434
164, 479
165, 290
166, 201
167, 182
167, 186
167, 210
167, 219
167, 229
167, 296
167, 327
167, 484
168, 451
169, 290
170, 201
170, 290
170, 370
170, 378
170, 397
170, 431
170, 479
171, 411
173, 437
174, 345
175, 217
176, 182
177, 234
177, 348
177, 378
178, 378
179, 343
180, 452
180, 461
181, 201
181, 278
181, 378
181, 444
182, 226
182, 290
182, 344
182, 347
182, 363
182, 378
182, 441
182, 484
183, 251
183, 390
183, 479
184, 298
185, 212
186, 213
186, 269
186, 281
186, 290
186, 305
186, 352
186, 361
186, 479
188, 306
188, 308
188, 444
188, 454
189, 431
190, 201
190, 343
191, 290
191, 393
192, 257
192, 489
193, 230
193, 234
193, 454
194, 268
194, 378
195, 202
195, 214
195, 215
195, 216
195, 230
195, 240
195, 281
195, 342
195, 365
195, 431
195, 484
196, 352
196, 484
197, 352
198, 268
198, 293
198, 431
199, 242
199, 268
200, 212
200, 332
200, 479
201, 219
201, 226
201, 228
201, 230
201, 232
201, 234
201, 239
201, 262
201, 268
201, 281
201, 290
201, 323
201, 336
201, 343
201, 345
201, 349
201, 352
201, 363
201, 365
201, 373
201, 377
201, 378
201, 391
201, 404
201, 431
201, 451
201, 458
201, 479
201, 498
202, 281
202, 290
202, 292
202, 378
202, 381
202, 431
202, 454
202, 472
202, 479
203, 281
203, 288
203, 352
203, 411
204, 416
205, 454
206, 268
207, 290
209, 352
210, 221
210, 233
210, 234
210, 299
210, 365
210, 451
211, 223
212, 268
213, 269
213, 272
213, 365
213, 378
213, 479
214, 281
214, 352
215, 270
217, 234
218, 444
219, 234
219, 281
219, 313
219, 387
219, 413
220, 310
220, 345
221, 454
222, 483
223, 434
224, 269
224, 290
225, 297
225, 340
226, 450
227, 431
228, 290
228, 317
228, 338
228, 342
228, 356
228, 431
228, 466
228, 479
229, 243
229, 280
229, 378
229, 379
230, 281
230, 322
230, 363
230, 375
233, 290
234, 238
234, 256
234, 257
234, 260
234, 268
234, 269
234, 281
234, 282
234, 283
234, 290
234, 291
234, 297
234, 318
234, 320
234, 338
234, 352
234, 365
234, 378
234, 379
234, 382
234, 387
234, 388
234, 404
234, 406
234, 409
234, 410
234, 422
234, 425
234, 428
234, 431
234, 444
234, 451
234, 454
234, 459
234, 465
234, 472
234, 481
234, 491
234, 496
236, 352
236, 376
238, 425
239, 281
239, 345
239, 362
239, 378
241, 290
242, 281
242, 345
242, 457
243, 360
244, 479
245, 431
246, 470
247, 361
247, 378
250, 290
251, 301
251, 363
253, 443
254, 281
254, 453
255, 290
255, 444
257, 281
257, 352
257, 479
258, 365
258, 419
259, 288
259, 378
259, 390
261, 444
262, 352
263, 281
263, 297
266, 269
267, 460
267, 483
268, 269
268, 290
268, 317
268, 345
268, 352
268, 366
268, 454
268, 479
269, 290
269, 351
269, 352
269, 399
269, 401
269, 431
269, 438
269, 444
270, 454
272, 290
274, 277
274, 290
275, 281
275, 352
276, 431
281, 290
281, 299
281, 302
281, 352
281, 355
281, 363
281, 373
281, 378
281, 403
281, 421
281, 431
281, 441
281, 444
281, 448
281, 464
281, 473
281, 475
281, 489
283, 308
283, 426
283, 454
283, 457
284, 431
285, 416
286, 320
286, 427
287, 314
288, 431
289, 444
290, 316
290, 318
290, 325
290, 351
290, 352
290, 365
290, 367
290, 378
290, 387
290, 395
290, 401
290, 431
290, 435
290, 444
290, 454
290, 469
290, 477
290, 479
290, 484
290, 488
295, 411
296, 352
296, 431
297, 378
297, 434
298, 454
299, 378
300, 365
301, 343
301, 479
306, 498
307, 484
309, 484
311, 364
311, 479
313, 357
313, 365
316, 497
317, 389
317, 453
318, 487
319, 446
320, 349
321, 381
324, 355
326, 444
329, 431
331, 352
334, 352
336, 352
338, 378
339, 367
339, 469
341, 387
341, 412
341, 484
343, 378
343, 406
343, 411
343, 431
343, 492
345, 365
345, 377
345, 378
345, 400
346, 454
347, 387
349, 431
352, 354
352, 374
352, 378
352, 380
352, 387
352, 420
352, 425
352, 426
352, 431
352, 439
352, 444
352, 454
352, 459
352, 479
352, 484
354, 440
357, 434
358, 378
358, 444
358, 446
358, 454
361, 389
363, 365
363, 378
363, 430
363, 459
363, 480
365, 378
365, 386
365, 431
365, 451
365, 492
367, 479
370, 378
370, 454
373, 378
374, 378
375, 451
376, 451
377, 434
377, 454
378, 387
378, 396
378, 399
378, 408
378, 416
378, 418
378, 419
378, 420
378, 424
378, 431
378, 444
378, 447
378, 451
378, 454
378, 459
378, 462
378, 476
378, 477
378, 479
378, 482
379, 431
381, 434
381, 455
384, 444
388, 487
389, 489
400, 479
404, 458
404, 467
405, 488
406, 491
407, 447
414, 477
417, 486
423, 489
425, 431
428, 445
431, 440
431, 444
431, 451
431, 454
431, 463
431, 476
431, 479
432, 440
432, 451
436, 439
444, 477
444, 479
451, 474
453, 479
454, 478
454, 494
456, 458
471, 479
473, 475
484, 485
487, 497
