0, 88
0, 988
1, 798
2, 380
2, 1854
3, 282
4, 1138
5, 1569
6, 692
7, 437
7, 1410
8, 630
8, 1658
9, 744
9, 1268
9, 1707
9, 1986
10, 47
11, 363
12, 303
12, 881
13, 774
14, 1616
15, 1310
16, 235
16, 1528
17, 1559
18, 1266
19, 202
20, 1869
21, 1268
21, 1361
22, 516
22, 1507
23, 483
23, 1493
23, 1497
23, 1803
24, 1169
24, 1828
24, 1865
25, 1546
26, 433
27, 1397
27, 1725
28, 1551
29, 88
29, 455
30, 88
30, 830
30, 1896
31, 195
31, 1363
32, 363
33, 1636
34, 127
34, 380
35, 1588
36, 423
36, 1865
37, 705
37, 893
38, 234
38, 339
38, 525
38, 824
38, 891
38, 915
38, 1048
38, 1108
38, 1503
38, 1611
38, 1921
39, 659
40, 552
41, 47
41, 565
41, 575
41, 1022
41, 1058
41, 1310
41, 1664
41, 1928
42, 216
42, 1382
43, 1310
43, 1360
44, 740
44, 1411
45, 220
46, 1079
46, 1380
47, 1193
48, 1943
49, 461
50, 1358
50, 1723
51, 387
52, 525
53, 168
54, 1347
55, 1208
56, 1108
57, 583
57, 595
57, 1835
58, 292
58, 1843
58, 1986
59, 301
60, 200
60, 1114
60, 1176
61, 686
62, 1898
63, 1972
64, 113
64, 1068
64, 1131
64, 1333
64, 1572
64, 1650
64, 1830
64, 1887
64, 1975
65, 461
66, 805
67, 226
68, 89
68, 231
68, 429
68, 640
69, 1274
70, 1646
71, 1865
72, 1449
73, 1258
73, 1692
73, 1893
74, 85
75, 1649
76, 831
76, 966
76, 1469
76, 1977
77, 1369
78, 676
78, 1992
79, 591
79, 1767
80, 307
80, 510
81, 1566
82, 801
83, 634
83, 1400
84, 352
84, 453
84, 609
85, 413
86, 741
86, 1413
87, 1626
87, 1991
88, 115
88, 130
88, 158
88, 165
88, 435
88, 459
88, 525
88, 569
88, 595
88, 620
88, 637
88, 640
88, 670
88, 682
88, 742
88, 780
88, 786
88, 807
88, 865
88, 976
88, 990
88, 1069
88, 1137
88, 1140
88, 1163
88, 1164
88, 1190
88, 1203
88, 1356
88, 1493
88, 1498
88, 1558
88, 1561
88, 1685
88, 1713
88, 1720
88, 1830
88, 1941
89, 706
89, 1847
90, 1855
91, 1797
92, 1525
93, 1264
94, 670
94, 1233
95, 1117
95, 1310
95, 1386
96, 1680
97, 584
97, 813
97, 1034
98, 1090
99, 248
100, 230
101, 1201
102, 189
103, 440
104, 1743
105, 763
105, 1365
106, 338
106, 1390
107, 376
108, 1352
109, 645
110, 775
110, 1057
110, 1551
110, 1623
110, 1919
111, 1551
111, 1808
112, 1736
113, 446
113, 860
114, 669
114, 1843
115, 635
115, 1464
116, 298
117, 1443
118, 365
118, 1188
119, 1473
120, 636
121, 1239
122, 1766
123, 1167
124, 1900
125, 327
125, 1315
126, 185
126, 227
126, 1260
126, 1474
128, 1525
129, 1897
130, 566
130, 1395
131, 1169
131, 1914
132, 1051
133, 884
133, 1004
134, 951
135, 499
136, 1050
137, 330
138, 704
138, 1032
139, 663
139, 1640
139, 1723
140, 1118
140, 1721
141, 551
141, 1125
141, 1501
141, 1516
141, 1537
142, 344
142, 1353
143, 570
144, 175
144, 367
144, 485
144, 1233
144, 1714
144, 1723
144, 1754
144, 1868
145, 1492
146, 1213
147, 561
147, 670
148, 1116
149, 548
150, 1215
151, 261
151, 1380
151, 1383
151, 1499
151, 1776
152, 1907
153, 1519
154, 735
155, 490
155, 1594
156, 885
157, 523
157, 1881
158, 1938
159, 394
159, 1960
160, 1534
161, 511
162, 1305
163, 318
164, 1468
165, 1428
165, 1849
166, 1171
167, 1596
168, 607
168, 992
168, 1684
169, 1497
170, 1447
171, 178
171, 391
171, 1498
172, 1480
173, 1490
174, 1554
176, 300
177, 606
178, 1313
179, 355
180, 825
181, 1818
182, 658
182, 716
183, 914
183, 966
183, 1282
183, 1591
184, 290
184, 866
186, 242
186, 1551
187, 1034
187, 1280
187, 1350
188, 527
189, 526
189, 1904
190, 929
191, 1690
192, 432
192, 1885
193, 948
193, 1109
194, 775
194, 1007
196, 580
196, 628
196, 641
196, 1234
196, 1637
197, 455
197, 871
198, 805
199, 548
199, 703
200, 818
201, 369
201, 1314
202, 256
202, 463
202, 813
202, 960
202, 981
202, 1204
202, 1717
202, 1961
203, 324
203, 372
203, 849
203, 858
203, 1546
204, 821
204, 1344
204, 1380
205, 1886
206, 1383
207, 1034
208, 471
209, 1018
210, 953
210, 1150
211, 563
211, 766
211, 1560
212, 719
213, 1330
213, 1752
214, 839
214, 1365
214, 1829
215, 345
215, 520
216, 317
217, 477
217, 1640
218, 640
218, 1443
219, 1484
220, 917
220, 943
221, 1912
222, 524
223, 1395
224, 1173
224, 1662
225, 968
226, 1156
227, 1638
228, 1389
229, 653
229, 739
229, 829
230, 525
230, 1155
231, 596
231, 1965
232, 952
233, 1175
235, 273
235, 389
235, 571
235, 652
235, 1028
235, 1192
235, 1241
235, 1876
235, 1991
236, 1862
237, 1121
238, 1104
239, 1640
240, 316
240, 354
240, 830
241, 1432
243, 1025
243, 1713
244, 343
245, 1899
246, 271
246, 283
246, 367
246, 384
246, 399
246, 407
246, 450
246, 599
246, 604
246, 613
246, 635
246, 640
246, 644
246, 708
246, 719
246, 834
246, 986
246, 997
246, 1113
246, 1159
246, 1244
246, 1268
246, 1454
246, 1519
246, 1549
246, 1658
246, 1723
246, 1741
246, 1766
246, 1860
246, 1954
246, 1973
246, 1982
246, 1990
247, 353
248, 626
249, 961
249, 1383
250, 1279
251, 1865
252, 965
252, 1431
253, 531
253, 1942
254, 1369
255, 1973
256, 1304
257, 601
257, 1681
258, 1961
259, 441
259, 470
260, 599
260, 969
261, 1542
262, 798
263, 1693
264, 997
264, 1685
265, 418
265, 1135
266, 847
267, 1218
268, 1709
269, 274
270, 487
270, 1292
270, 1576
270, 1600
270, 1625
271, 534
271, 964
271, 1455
272, 349
274, 1052
275, 1139
276, 1108
276, 1757
277, 994
277, 1522
278, 1047
279, 1181
280, 1098
281, 1000
283, 506
283, 587
283, 650
283, 1060
283, 1133
283, 1487
283, 1984
284, 1632
285, 343
285, 491
286, 443
287, 467
288, 1265
288, 1731
289, 1579
290, 1685
291, 1466
292, 375
292, 697
292, 939
292, 1163
292, 1310
292, 1709
292, 1723
292, 1891
293, 1562
294, 587
295, 866
296, 1723
297, 449
297, 1565
298, 1797
299, 334
299, 885
300, 1610
301, 818
302, 942
302, 1584
303, 1234
304, 1708
305, 820
305, 1872
306, 1706
308, 770
308, 1310
309, 1759
310, 389
310, 1858
311, 439
312, 1147
313, 1546
313, 1848
314, 1908
315, 698
315, 1498
319, 465
319, 1108
319, 1416
320, 462
320, 681
321, 795
321, 998
322, 661
322, 773
323, 1695
325, 888
326, 1987
327, 1546
328, 1397
329, 1418
331, 1595
332, 1369
333, 1475
335, 1309
336, 1231
337, 919
340, 1321
340, 1657
341, 549
341, 1539
342, 1519
344, 988
345, 554
345, 900
345, 1386
346, 1188
347, 381
347, 686
347, 1552
347, 1732
348, 647
350, 1349
351, 612
351, 1396
353, 1601
354, 489
354, 1136
354, 1694
354, 1772
354, 1796
354, 1837
354, 1875
354, 1944
356, 1548
356, 1723
357, 540
358, 1812
359, 1712
360, 494
360, 1152
361, 1405
362, 776
364, 779
365, 1195
365, 1439
366, 1689
367, 634
367, 758
367, 1404
367, 1777
368, 1739
369, 1057
369, 1412
370, 1159
370, 1644
371, 1538
372, 1088
373, 577
374, 1383
375, 1048
376, 445
377, 1564
378, 1072
378, 1200
379, 1639
379, 1876
380, 568
380, 1035
380, 1130
380, 1373
380, 1463
380, 1489
380, 1546
380, 1698
381, 1825
382, 953
383, 547
383, 659
385, 1212
386, 750
388, 1262
389, 833
390, 1316
390, 1915
391, 1703
392, 621
393, 401
394, 1527
395, 679
396, 834
397, 1643
398, 847
400, 1290
401, 1122
402, 428
402, 1208
403, 1095
403, 1528
404, 1109
405, 1383
406, 839
406, 1690
408, 985
408, 1865
409, 474
410, 1647
411, 1880
412, 885
413, 1746
414, 1433
415, 495
416, 1240
417, 1293
418, 1678
419, 1507
420, 1108
421, 616
422, 1039
424, 1780
425, 1875
426, 649
427, 1298
427, 1417
428, 1790
429, 1885
430, 1302
430, 1321
431, 1997
433, 581
433, 605
433, 621
433, 964
433, 1252
433, 1307
433, 1644
433, 1980
434, 934
436, 657
436, 682
436, 1214
438, 1424
440, 1448
441, 1338
442, 1515
442, 1668
444, 1415
446, 894
446, 1172
446, 1197
446, 1769
446, 1903
447, 1075
448, 813
449, 767
450, 1274
451, 1086
452, 1447
453, 534
453, 809
453, 868
453, 1728
454, 1112
456, 661
456, 1026
456, 1355
456, 1482
456, 1638
456, 1657
457, 1723
458, 1571
460, 645
460, 870
461, 970
463, 1636
464, 1324
464, 1520
466, 1376
467, 1609
468, 1150
469, 1332
472, 636
473, 1886
474, 1724
475, 1383
476, 722
477, 1434
478, 1129
479, 1052
479, 1071
480, 711
481, 635
481, 1057
481, 1420
481, 1573
481, 1727
481, 1957
482, 640
484, 1525
485, 1227
486, 804
486, 1053
486, 1542
486, 1953
488, 1089
489, 1622
491, 1177
492, 1143
492, 1746
493, 797
493, 827
494, 1311
496, 1890
497, 749
498, 1808
498, 1924
499, 1964
500, 751
500, 881
501, 522
502, 1768
503, 890
504, 1054
504, 1127
505, 1645
506, 1690
507, 1108
508, 664
509, 905
509, 1086
511, 640
511, 697
511, 1209
512, 1310
513, 1051
513, 1076
514, 1108
514, 1469
514, 1850
515, 1004
516, 1020
517, 631
517, 1894
518, 596
519, 1554
521, 1200
522, 948
525, 640
525, 812
525, 996
528, 1575
529, 908
529, 1310
530, 950
532, 1781
533, 553
533, 649
533, 1400
533, 1691
534, 1377
534, 1705
534, 1876
535, 778
536, 1588
537, 1253
538, 1188
539, 1946
541, 1310
542, 639
542, 956
542, 1754
543, 1700
544, 673
545, 1003
546, 874
546, 1169
547, 1538
548, 1034
549, 1915
550, 817
550, 977
551, 1739
553, 568
553, 632
553, 1040
554, 1867
555, 1388
556, 1042
557, 622
558, 702
559, 1454
560, 1263
562, 792
564, 1993
566, 1103
567, 1273
569, 827
569, 987
571, 962
572, 1174
573, 953
574, 768
576, 1011
577, 749
578, 1034
579, 1827
581, 1213
582, 1913
584, 850
584, 1370
584, 1981
584, 1985
585, 944
586, 1238
586, 1968
587, 1225
587, 1723
588, 1062
589, 1230
589, 1346
590, 665
592, 1966
593, 806
594, 640
594, 802
597, 1254
598, 1392
598, 1862
600, 1907
602, 723
603, 1000
603, 1108
606, 701
606, 1575
606, 1953
608, 1349
610, 1739
610, 1777
611, 932
611, 1399
614, 1193
614, 1766
615, 1270
617, 1768
618, 1995
619, 1108
620, 1402
620, 1546
621, 795
621, 1185
621, 1210
621, 1767
621, 1865
623, 1310
624, 1274
625, 1996
626, 1254
627, 974
627, 1983
628, 1132
629, 1961
633, 1769
634, 673
634, 777
634, 1145
634, 1202
634, 1544
634, 1865
634, 1973
635, 1579
635, 1886
636, 1806
637, 692
637, 1066
638, 1815
640, 828
640, 992
640, 1020
640, 1033
640, 1132
640, 1162
640, 1228
640, 1237
640, 1569
640, 1705
640, 1739
640, 1843
641, 975
642, 833
643, 1524
643, 1657
643, 1797
643, 1843
644, 1464
646, 1967
647, 1883
648, 802
649, 861
649, 1184
650, 1803
651, 1908
654, 1829
655, 1528
656, 1202
658, 1153
659, 1732
660, 762
662, 1456
662, 1974
663, 1257
666, 1120
666, 1709
667, 1696
668, 966
670, 680
671, 1870
672, 755
674, 1232
675, 1235
676, 1267
677, 1474
677, 1850
678, 1092
678, 1541
680, 1812
681, 1084
681, 1526
681, 1721
682, 1339
682, 1761
683, 1674
684, 1701
685, 1296
685, 1607
686, 724
686, 1001
687, 1762
687, 1773
688, 1450
688, 1936
689, 811
690, 1108
691, 789
692, 968
692, 1230
692, 1309
692, 1979
693, 1381
693, 1383
694, 895
695, 1055
696, 857
696, 1824
699, 1771
700, 886
700, 1206
701, 1448
703, 1546
704, 1108
707, 1240
708, 910
709, 866
710, 1852
712, 1046
713, 1111
714, 1288
715, 1882
717, 1795
718, 1735
718, 1753
720, 816
720, 1178
720, 1272
720, 1597
721, 1004
721, 1558
724, 1432
725, 907
725, 1324
726, 1570
727, 1850
728, 1313
729, 1356
729, 1704
730, 1621
731, 1544
732, 747
732, 815
733, 1225
734, 928
734, 1640
736, 885
736, 1206
736, 1977
736, 1985
737, 1332
738, 1537
739, 1865
740, 1922
741, 1273
741, 1839
741, 1899
742, 1779
743, 1069
743, 1609
745, 1758
746, 1792
747, 968
747, 1323
748, 1843
751, 1580
751, 1690
751, 1994
752, 970
753, 808
753, 866
753, 1612
754, 1371
755, 866
755, 1398
755, 1821
755, 1861
756, 855
757, 1323
759, 1379
759, 1640
760, 784
761, 1657
762, 1812
764, 1787
765, 1383
767, 1175
769, 1920
771, 911
771, 1571
772, 1824
775, 958
775, 1315
775, 1508
775, 1521
776, 988
776, 1197
779, 1155
781, 1211
782, 934
783, 1879
785, 1546
786, 864
786, 897
787, 1593
788, 1014
789, 1013
790, 1368
791, 1220
792, 1540
793, 1197
793, 1383
793, 1968
794, 999
794, 1319
794, 1690
794, 1918
795, 1571
796, 952
796, 1984
799, 1435
800, 1017
800, 1310
802, 1010
803, 1087
804, 1242
804, 1375
807, 1886
809, 816
809, 1399
809, 1630
810, 1833
811, 959
812, 906
814, 1837
817, 1588
818, 1290
819, 1951
820, 1588
821, 904
821, 947
822, 1468
823, 866
826, 1775
828, 1616
829, 1238
830, 1453
831, 1647
832, 848
832, 1865
833, 1716
834, 906
835, 888
836, 1621
837, 1339
838, 1958
840, 1975
841, 1488
842, 867
843, 911
844, 1136
844, 1953
845, 1108
846, 1495
847, 1273
847, 1344
847, 1505
847, 1721
848, 1433
849, 1773
850, 949
850, 1717
851, 1739
852, 1453
852, 1464
852, 1832
853, 1335
853, 1532
854, 1359
856, 1575
859, 1575
860, 1876
861, 863
861, 1429
861, 1842
862, 1564
869, 1415
869, 1477
869, 1519
869, 1689
869, 1892
870, 1454
872, 1546
873, 1895
875, 1731
875, 1802
876, 1108
877, 1034
877, 1588
878, 1039
879, 1194
880, 948
882, 1873
883, 1557
884, 1346
885, 909
885, 984
885, 1108
885, 1383
885, 1387
885, 1390
885, 1470
885, 1723
885, 1779
885, 1782
885, 1971
886, 1718
887, 1471
888, 1599
889, 982
889, 1525
890, 1624
892, 1765
894, 1073
895, 1655
896, 1110
896, 1161
897, 1723
898, 1310
899, 1479
901, 1593
902, 998
902, 1367
903, 1320
905, 1178
906, 1123
909, 949
911, 1578
911, 1670
912, 1124
913, 1128
916, 1334
917, 1759
918, 1100
919, 1785
920, 1843
921, 1127
922, 1042
923, 1325
924, 1601
924, 1745
925, 1483
925, 1858
926, 1865
927, 1366
927, 1665
928, 1836
930, 1755
931, 1793
933, 1009
933, 1335
934, 1149
935, 1555
936, 1767
937, 1102
938, 1096
940, 986
941, 989
941, 1685
942, 1525
944, 1091
945, 1099
946, 1408
948, 1598
953, 1930
954, 1093
955, 1423
957, 1085
957, 1545
958, 1940
959, 1013
959, 1961
962, 1799
963, 1170
963, 1785
965, 1582
966, 1399
966, 1640
966, 1739
966, 1770
967, 1546
968, 1300
970, 973
970, 1285
970, 1348
970, 1843
971, 1373
972, 1723
973, 1105
974, 1569
975, 1323
976, 1756
977, 1525
978, 982
978, 1257
979, 1441
979, 1917
980, 1208
983, 1744
984, 1127
984, 1191
986, 1679
988, 1179
988, 1733
991, 997
991, 1059
992, 1208
992, 1414
992, 1485
993, 1877
995, 1618
996, 1193
997, 1084
1000, 1303
1000, 1785
1001, 1464
1002, 1848
1005, 1373
1006, 1604
1007, 1811
1008, 1059
1008, 1725
1009, 1185
1010, 1812
1011, 1119
1012, 1519
1013, 1910
1014, 1229
1015, 1620
1016, 1624
1017, 1880
1018, 1539
1019, 1878
1021, 1628
1023, 1134
1023, 1180
1023, 1403
1024, 1653
1025, 1247
1026, 1510
1027, 1326
1028, 1395
1029, 1249
1030, 1146
1031, 1373
1033, 1839
1033, 1886
1034, 1310
1034, 1345
1034, 1660
1034, 1726
1034, 1748
1035, 1323
1036, 1973
1037, 1166
1037, 1498
1038, 1723
1040, 1295
1040, 1909
1041, 1537
1043, 1595
1044, 1304
1045, 1985
1046, 1525
1046, 1536
1046, 1630
1048, 1367
1048, 1546
1048, 1864
1049, 1836
1051, 1416
1051, 1546
1051, 1884
1052, 1805
1055, 1569
1056, 1310
1057, 1108
1057, 1486
1058, 1939
1061, 1101
1062, 1585
1063, 1213
1064, 1588
1064, 1648
1065, 1765
1067, 1889
1068, 1442
1068, 1770
1070, 1286
1073, 1152
1074, 1931
1076, 1170
1077, 1135
1077, 1367
1078, 1426
1079, 1300
1079, 1400
1080, 1844
1081, 1935
1082, 1583
1083, 1386
1085, 1583
1087, 1309
1093, 1500
1094, 1763
1095, 1108
1095, 1734
1096, 1151
1097, 1926
1099, 1623
1100, 1409
1101, 1309
1102, 1241
1102, 1551
1106, 1535
1107, 1390
1108, 1117
1108, 1158
1108, 1171
1108, 1183
1108, 1269
1108, 1309
1108, 1310
1108, 1330
1108, 1335
1108, 1671
1108, 1740
1108, 1762
1113, 1563
1115, 1865
1117, 1690
1117, 1847
1121, 1618
1126, 1767
1127, 1920
1128, 1187
1129, 1929
1130, 1563
1132, 1755
1138, 1647
1140, 1389
1140, 1652
1141, 1551
1141, 1720
1142, 1546
1144, 1161
1147, 1676
1147, 1865
1148, 1329
1148, 1543
1151, 1764
1152, 1969
1154, 1617
1155, 1733
1155, 1825
1157, 1822
1160, 1462
1160, 1516
1161, 1235
1164, 1480
1165, 1683
1168, 1615
1169, 1886
1173, 1546
1176, 1369
1176, 1747
1182, 1530
1186, 1891
1188, 1257
1188, 1637
1189, 1987
1191, 1794
1196, 1257
1196, 1709
1197, 1345
1198, 1469
1199, 1579
1205, 1604
1205, 1697
1207, 1478
1208, 1236
1208, 1419
1208, 1434
1208, 1721
1208, 1723
1209, 1588
1213, 1383
1213, 1723
1213, 1865
1214, 1382
1214, 1865
1215, 1824
1216, 1261
1216, 1962
1217, 1820
1218, 1622
1219, 1310
1219, 1628
1221, 1762
1222, 1874
1223, 1685
1224, 1556
1225, 1569
1225, 1709
1226, 1560
1229, 1308
1229, 1310
1231, 1260
1238, 1353
1238, 1449
1238, 1578
1238, 1592
1238, 1819
1238, 1841
1238, 1948
1243, 1422
1245, 1636
1246, 1407
1246, 1740
1248, 1798
1249, 1874
1249, 1999
1250, 1257
1251, 1740
1254, 1854
1255, 1823
1255, 1884
1255, 1941
1256, 1860
1256, 1949
1257, 1486
1258, 1388
1259, 1823
1259, 1954
1262, 1542
1263, 1745
1264, 1831
1268, 1357
1271, 1903
1274, 1373
1274, 1484
1274, 1753
1274, 1764
1274, 1965
1275, 1863
1276, 1437
1277, 1588
1277, 1801
1278, 1560
1280, 1543
1281, 1945
1283, 1613
1284, 1299
1284, 1433
1286, 1435
1287, 1675
1288, 1793
1289, 1659
1289, 1936
1291, 1310
1291, 1865
1292, 1843
1294, 1538
1294, 1970
1297, 1726
1300, 1457
1301, 1926
1304, 1383
1306, 1807
1307, 1740
1310, 1366
1310, 1396
1310, 1399
1310, 1423
1310, 1442
1310, 1451
1310, 1496
1310, 1528
1310, 1551
1310, 1647
1310, 1722
1310, 1723
1310, 1813
1310, 1815
1310, 1821
1311, 1906
1312, 1740
1317, 1485
1318, 1581
1319, 1383
1322, 1749
1322, 1985
1323, 1569
1323, 1588
1323, 1589
1323, 1813
1323, 1817
1323, 1973
1327, 1859
1328, 1445
1331, 1948
1334, 1472
1334, 1667
1336, 1682
1337, 1848
1338, 1822
1340, 1865
1341, 1919
1341, 1995
1342, 1621
1343, 1546
1345, 1476
1345, 1973
1351, 1619
1354, 1857
1355, 1553
1361, 1511
1362, 1722
1364, 1373
1369, 1621
1369, 1685
1372, 1654
1373, 1436
1373, 1824
1373, 1825
1373, 1891
1374, 1429
1375, 1390
1378, 1732
1382, 1641
1383, 1444
1383, 1522
1383, 1529
1383, 1842
1383, 1846
1383, 1960
1384, 1948
1385, 1865
1390, 1629
1390, 1979
1391, 1498
1393, 1824
1394, 1561
1395, 1564
1395, 1766
1395, 1886
1397, 1840
1400, 1454
1401, 1464
1405, 1416
1405, 1602
1406, 1546
1408, 1697
1409, 1493
1410, 1458
1411, 1440
1412, 1799
1416, 1742
1421, 1795
1422, 1656
1425, 1783
1427, 1914
1429, 1707
1430, 1740
1433, 1528
1434, 1916
1438, 1823
1443, 1564
1443, 1656
1443, 1720
1446, 1834
1447, 1636
1448, 1593
1449, 1780
1452, 1636
1455, 1686
1458, 1522
1459, 1811
1460, 1498
1461, 1976
1463, 1803
1464, 1910
1465, 1540
1467, 1666
1468, 1673
1471, 1783
1472, 1865
1481, 1805
1491, 1685
1493, 1843
1494, 1574
1498, 1551
1498, 1651
1502, 1723
1504, 1908
1506, 1547
1506, 1803
1509, 1592
1512, 1990
1513, 1608
1514, 1642
1517, 1751
1518, 1575
1519, 1766
1522, 1901
1522, 1971
1523, 1750
1525, 1811
1529, 1813
1531, 1823
1533, 1686
1541, 1586
1543, 1564
1546, 1550
1546, 1593
1546, 1600
1546, 1723
1546, 1816
1546, 1861
1546, 1905
1546, 1952
1550, 1973
1551, 1646
1551, 1816
1551, 1906
1552, 1826
1558, 1814
1560, 1730
1561, 1788
1564, 1927
1566, 1685
1567, 1871
1568, 1594
1570, 1952
1575, 1865
1577, 1723
1582, 1688
1584, 1925
1586, 1732
1586, 1923
1587, 1846
1588, 1663
1588, 1741
1588, 1886
1588, 1939
1588, 1982
1590, 1754
1591, 1848
1595, 1821
1597, 1989
1600, 1606
1603, 1672
1604, 1900
1605, 1956
1611, 1784
1614, 1633
1615, 1963
1621, 1707
1621, 1810
1627, 1767
1631, 1736
1634, 1800
1635, 1690
1635, 1771
1638, 1856
1651, 1797
1659, 1923
1661, 1866
1663, 1823
1664, 1834
1669, 1851
1670, 1771
1674, 1766
1677, 1988
1685, 1789
1685, 1853
1685, 1892
1685, 1934
1685, 1969
1686, 1723
1687, 1932
1692, 1908
1699, 1950
1702, 1843
1705, 1908
1708, 1766
1710, 1766
1711, 1978
1715, 1738
1717, 1889
1719, 1797
1721, 1739
1723, 1732
1723, 1875
1729, 1937
1732, 1809
1735, 1797
1737, 1977
1740, 1792
1740, 1846
1747, 1896
1760, 1865
1766, 1858
1772, 1886
1774, 1845
1775, 1843
1778, 1865
1786, 1883
1790, 1955
1791, 1865
1794, 1864
1796, 1959
1797, 1954
1804, 1902
1824, 1922
1825, 1887
1831, 1931
1835, 1903
1838, 1877
1850, 1851
1860, 1951
1860, 1961
1860, 1998
1862, 1911
1865, 1879
1865, 1933
1876, 1901
1888, 1982
1909, 1966
1945, 1968
1947, 1999
1949, 1961
