0, 76
1, 489
2, 22
2, 481
3, 78
4, 495
5, 217
6, 484
7, 42
7, 92
8, 262
8, 289
9, 43
9, 76
9, 144
9, 491
10, 380
11, 144
12, 115
12, 183
13, 354
14, 410
15, 260
16, 17
16, 448
18, 380
19, 367
20, 38
21, 362
21, 402
22, 305
23, 60
23, 271
23, 351
23, 488
24, 73
24, 325
24, 369
25, 439
26, 144
27, 202
27, 203
28, 88
29, 88
29, 247
30, 246
30, 383
31, 258
31, 354
32, 230
33, 47
34, 227
34, 310
35, 217
36, 88
36, 354
37, 367
37, 436
38, 41
38, 74
38, 75
38, 88
38, 110
38, 194
38, 252
38, 301
38, 380
38, 452
39, 202
40, 409
41, 155
41, 172
41, 245
41, 259
41, 265
41, 418
41, 432
42, 445
43, 461
44, 177
44, 347
45, 246
46, 88
46, 235
47, 88
47, 151
48, 200
49, 87
50, 193
50, 379
51, 181
52, 246
53, 126
54, 282
55, 193
56, 201
57, 67
57, 246
57, 447
58, 110
58, 246
59, 292
60, 196
60, 323
61, 453
62, 354
63, 176
64, 72
64, 88
64, 107
64, 115
64, 138
64, 160
64, 292
64, 330
64, 352
65, 427
66, 88
68, 124
68, 211
68, 275
68, 428
69, 187
70, 170
71, 141
73, 256
73, 391
76, 130
76, 314
77, 441
78, 253
79, 157
79, 283
80, 118
80, 408
81, 430
82, 88
83, 285
83, 354
84, 186
84, 269
84, 319
85, 230
85, 296
86, 218
86, 308
87, 192
88, 110
88, 125
88, 139
88, 141
88, 153
88, 166
88, 189
88, 199
88, 215
88, 226
88, 235
88, 240
88, 241
88, 246
88, 283
88, 301
88, 321
88, 332
88, 344
88, 345
88, 349
88, 425
88, 433
88, 440
88, 446
88, 453
88, 456
88, 477
88, 485
89, 246
89, 268
89, 354
90, 147
91, 116
93, 251
94, 244
94, 476
95, 210
95, 315
95, 444
96, 99
97, 401
97, 412
97, 463
98, 482
100, 271
101, 358
102, 375
103, 474
104, 155
105, 239
105, 436
106, 183
106, 252
108, 226
109, 344
110, 192
110, 200
111, 164
111, 336
112, 218
113, 220
113, 321
113, 458
114, 174
114, 481
115, 213
117, 188
118, 369
119, 141
120, 415
121, 167
122, 165
123, 196
125, 440
126, 141
126, 366
126, 436
127, 292
128, 456
129, 182
130, 313
130, 486
131, 189
131, 446
132, 168
133, 303
133, 340
134, 370
135, 394
136, 474
137, 389
138, 428
139, 246
139, 380
140, 246
140, 460
141, 423
142, 156
142, 276
143, 365
144, 221
144, 319
144, 364
144, 449
144, 481
145, 235
146, 257
147, 411
148, 333
149, 277
150, 237
151, 246
151, 342
152, 246
154, 302
157, 273
158, 196
158, 249
159, 326
159, 405
161, 315
162, 207
163, 261
165, 292
165, 380
168, 290
168, 302
168, 450
169, 433
171, 187
171, 416
171, 451
173, 490
175, 373
178, 248
178, 453
179, 216
180, 224
182, 441
183, 223
183, 238
184, 229
184, 413
185, 203
186, 384
187, 456
189, 408
190, 203
191, 304
194, 433
195, 360
196, 270
196, 341
197, 227
197, 491
198, 437
199, 270
201, 343
202, 248
202, 285
202, 311
202, 329
202, 388
202, 421
202, 477
203, 216
203, 299
204, 401
204, 446
204, 475
205, 267
206, 407
208, 231
209, 355
210, 456
211, 279
211, 288
212, 320
213, 481
214, 327
214, 419
214, 429
215, 270
219, 220
220, 434
222, 292
224, 414
225, 380
228, 455
229, 283
229, 402
230, 271
231, 246
231, 257
232, 334
233, 463
234, 433
235, 246
235, 307
235, 367
235, 473
236, 499
240, 259
240, 283
242, 459
243, 389
243, 398
246, 270
246, 281
246, 294
246, 300
246, 308
246, 309
246, 319
246, 327
246, 347
246, 392
246, 395
246, 400
246, 454
246, 455
246, 456
246, 462
246, 497
249, 403
250, 464
253, 456
254, 277
255, 376
256, 284
260, 365
261, 413
263, 453
264, 313
264, 480
265, 380
266, 351
270, 386
271, 431
272, 390
274, 278
274, 486
276, 341
280, 348
283, 372
283, 391
283, 424
283, 481
286, 498
287, 353
288, 393
290, 300
291, 433
292, 335
292, 426
292, 433
292, 493
293, 418
295, 403
297, 446
297, 457
298, 430
298, 460
299, 345
303, 471
305, 343
306, 478
310, 435
312, 367
316, 324
317, 486
318, 498
320, 494
322, 339
322, 371
328, 442
331, 375
337, 381
338, 354
340, 396
345, 354
345, 438
346, 450
347, 369
347, 390
350, 394
353, 380
354, 363
356, 433
356, 461
357, 446
359, 367
360, 377
361, 485
363, 406
365, 461
367, 479
368, 486
370, 380
372, 467
374, 470
376, 383
378, 446
378, 492
379, 468
380, 427
380, 481
381, 479
382, 469
385, 472
387, 433
389, 492
397, 453
399, 483
404, 467
406, 493
417, 487
420, 433
422, 449
429, 464
442, 499
443, 496
465, 494
466, 489
