0, 63
0, 70
1, 95
2, 9
2, 24
2, 30
2, 91
3, 9
3, 91
4, 55
4, 71
5, 43
6, 9
7, 12
7, 21
7, 65
8, 16
8, 56
8, 61
9, 28
9, 29
9, 48
9, 56
9, 73
9, 74
9, 75
9, 77
9, 81
9, 93
10, 27
10, 37
11, 45
11, 81
12, 40
12, 69
12, 70
12, 84
13, 58
14, 31
15, 36
15, 65
16, 75
16, 84
17, 23
18, 34
18, 78
19, 58
20, 33
20, 37
21, 48
21, 95
22, 23
23, 31
23, 42
23, 50
23, 52
23, 65
23, 73
23, 77
24, 46
24, 65
24, 70
24, 73
24, 77
24, 88
25, 29
25, 35
26, 91
27, 34
27, 73
28, 30
29, 85
30, 45
30, 58
30, 62
30, 73
30, 76
30, 80
30, 85
30, 93
31, 34
31, 76
32, 73
34, 45
36, 67
36, 73
37, 64
37, 98
38, 40
38, 76
39, 58
40, 41
40, 83
41, 55
41, 56
41, 73
42, 71
42, 93
44, 67
44, 91
44, 93
45, 65
45, 70
45, 73
45, 82
45, 85
47, 65
47, 91
48, 73
48, 81
49, 56
49, 90
51, 56
52, 70
53, 94
54, 56
54, 85
55, 58
55, 65
55, 70
55, 80
55, 84
56, 58
56, 83
56, 90
56, 92
56, 93
57, 77
58, 65
58, 73
58, 89
59, 91
59, 99
60, 73
60, 77
62, 83
65, 72
65, 75
65, 81
65, 85
65, 87
66, 70
68, 70
68, 81
70, 72
70, 82
70, 88
73, 79
73, 92
73, 97
75, 82
76, 89
77, 85
80, 81
83, 85
85, 86
