0, 350
0, 523
1, 638
2, 181
2, 454
2, 753
2, 864
3, 431
3, 638
4, 8
4, 875
5, 763
6, 479
7, 71
7, 465
7, 832
8, 633
8, 690
9, 38
9, 111
9, 124
9, 150
9, 269
9, 317
9, 378
9, 479
9, 638
9, 783
9, 845
9, 883
9, 938
10, 199
10, 774
11, 61
11, 446
12, 34
12, 365
12, 454
12, 638
12, 939
13, 883
14, 964
15, 282
15, 564
16, 80
16, 523
16, 803
17, 956
18, 234
18, 352
19, 653
20, 160
20, 582
21, 64
21, 638
21, 990
22, 23
22, 638
23, 31
23, 41
23, 140
23, 221
23, 234
23, 242
23, 306
23, 365
23, 547
23, 632
23, 793
23, 883
24, 41
24, 170
24, 389
24, 401
24, 531
24, 632
24, 883
25, 451
25, 705
26, 880
27, 378
27, 684
27, 745
28, 343
28, 909
29, 38
29, 451
29, 638
30, 38
30, 431
30, 472
30, 479
30, 512
30, 551
30, 582
30, 606
30, 645
30, 883
31, 136
31, 638
31, 845
32, 467
33, 523
34, 143
34, 208
34, 856
35, 210
36, 201
36, 259
36, 290
37, 312
37, 343
37, 633
37, 773
38, 41
38, 64
38, 66
38, 76
38, 92
38, 98
38, 99
38, 104
38, 105
38, 109
38, 112
38, 117
38, 158
38, 167
38, 181
38, 195
38, 199
38, 201
38, 202
38, 212
38, 223
38, 234
38, 249
38, 250
38, 257
38, 275
38, 281
38, 290
38, 297
38, 317
38, 319
38, 320
38, 365
38, 366
38, 370
38, 378
38, 398
38, 431
38, 454
38, 458
38, 509
38, 511
38, 516
38, 523
38, 536
38, 579
38, 619
38, 633
38, 635
38, 638
38, 647
38, 658
38, 714
38, 718
38, 784
38, 786
38, 790
38, 791
38, 800
38, 816
38, 845
38, 849
38, 864
38, 883
38, 909
38, 917
38, 964
38, 968
38, 974
38, 975
38, 984
38, 989
39, 201
39, 255
40, 859
41, 79
41, 143
41, 167
41, 202
41, 234
41, 269
41, 290
41, 352
41, 365
41, 374
41, 378
41, 405
41, 425
41, 431
41, 437
41, 454
41, 461
41, 482
41, 490
41, 523
41, 532
41, 555
41, 610
41, 632
41, 638
41, 647
41, 690
41, 732
41, 733
41, 745
41, 752
41, 784
41, 828
41, 850
41, 867
41, 894
41, 931
41, 964
41, 994
42, 257
42, 619
42, 638
42, 721
43, 550
43, 564
43, 680
43, 883
44, 191
44, 638
44, 995
45, 883
46, 341
46, 523
46, 883
47, 113
47, 290
47, 451
47, 624
47, 632
47, 638
47, 747
47, 828
47, 951
48, 883
49, 688
49, 883
50, 217
50, 360
50, 641
50, 713
51, 699
51, 712
52, 210
53, 378
54, 867
54, 972
55, 363
56, 109
56, 182
57, 64
57, 158
57, 202
57, 431
57, 523
57, 551
57, 638
57, 750
57, 831
57, 911
58, 125
58, 228
58, 498
58, 632
58, 633
58, 638
58, 864
58, 986
59, 638
60, 84
60, 94
60, 167
60, 313
60, 378
60, 454
60, 618
60, 660
60, 942
61, 638
62, 250
62, 883
63, 479
64, 76
64, 86
64, 88
64, 93
64, 109
64, 117
64, 132
64, 167
64, 169
64, 192
64, 197
64, 211
64, 268
64, 296
64, 343
64, 352
64, 371
64, 378
64, 410
64, 417
64, 426
64, 431
64, 438
64, 444
64, 451
64, 459
64, 461
64, 569
64, 591
64, 622
64, 626
64, 638
64, 657
64, 661
64, 676
64, 679
64, 684
64, 719
64, 757
64, 773
64, 793
64, 807
64, 851
64, 859
64, 864
64, 873
64, 883
64, 907
64, 944
64, 964
64, 966
65, 638
65, 675
67, 638
68, 195
68, 214
68, 228
68, 254
68, 268
68, 318
68, 365
68, 378
68, 402
68, 551
68, 580
68, 638
68, 655
68, 675
68, 690
68, 753
68, 859
68, 864
69, 648
70, 143
70, 638
71, 816
72, 134
73, 102
73, 201
73, 350
73, 531
73, 641
73, 705
73, 706
73, 732
73, 806
73, 864
73, 883
73, 990
74, 290
74, 378
75, 638
75, 845
76, 239
76, 281
76, 290
76, 311
76, 491
76, 495
76, 585
76, 638
76, 734
76, 839
76, 883
76, 909
76, 973
76, 992
77, 477
78, 143
78, 290
78, 582
78, 810
79, 444
79, 690
79, 784
80, 427
80, 715
80, 883
80, 964
81, 378
82, 177
83, 352
83, 378
83, 444
84, 109
84, 562
84, 594
84, 619
84, 638
84, 968
85, 132
85, 201
85, 513
86, 638
87, 301
87, 352
87, 431
87, 883
88, 182
88, 202
88, 379
88, 428
88, 454
88, 632
88, 638
88, 851
89, 431
90, 910
91, 458
91, 962
92, 170
93, 775
94, 114
94, 819
94, 964
94, 990
95, 260
95, 835
96, 240
96, 290
96, 352
96, 438
96, 632
96, 638
97, 638
98, 234
99, 271
100, 352
100, 673
101, 940
103, 619
104, 201
105, 182
105, 479
105, 587
105, 900
106, 378
107, 228
107, 277
108, 210
108, 290
109, 138
109, 174
109, 195
109, 221
109, 296
109, 524
109, 531
109, 551
109, 571
109, 619
109, 626
109, 753
109, 816
109, 883
109, 937
109, 940
109, 998
110, 120
110, 632
110, 724
110, 968
111, 871
112, 143
112, 201
112, 420
112, 422
112, 436
112, 558
112, 638
112, 758
113, 328
113, 638
114, 143
114, 290
114, 530
114, 638
114, 749
115, 680
116, 143
117, 229
117, 964
118, 679
119, 382
121, 679
122, 352
122, 638
123, 290
124, 551
124, 633
125, 138
125, 281
125, 345
125, 352
125, 522
125, 532
125, 619
125, 638
125, 734
125, 836
125, 898
125, 954
126, 157
127, 848
128, 600
129, 451
129, 479
129, 512
129, 546
129, 638
129, 647
129, 685
129, 883
129, 960
130, 207
130, 523
130, 986
131, 269
132, 165
133, 281
133, 638
134, 453
135, 195
135, 864
137, 378
137, 450
138, 465
138, 592
138, 850
138, 886
139, 523
139, 968
140, 195
140, 201
140, 213
140, 352
140, 365
140, 374
140, 454
140, 523
140, 532
140, 603
140, 632
140, 635
140, 638
140, 662
140, 674
140, 793
140, 883
140, 980
141, 234
141, 792
142, 741
143, 167
143, 194
143, 195
143, 227
143, 228
143, 231
143, 281
143, 332
143, 336
143, 345
143, 352
143, 358
143, 364
143, 365
143, 378
143, 389
143, 416
143, 456
143, 481
143, 484
143, 523
143, 548
143, 582
143, 589
143, 595
143, 632
143, 638
143, 679
143, 690
143, 739
143, 773
143, 774
143, 782
143, 800
143, 822
143, 845
143, 859
143, 883
143, 951
143, 963
143, 995
144, 883
144, 973
145, 773
146, 378
146, 814
147, 768
148, 753
148, 893
149, 378
149, 739
150, 195
150, 206
150, 210
150, 238
150, 239
150, 352
150, 399
150, 400
150, 431
150, 484
150, 512
150, 582
150, 618
150, 638
150, 667
150, 710
150, 784
150, 791
150, 842
150, 883
150, 928
151, 807
152, 859
153, 483
154, 275
154, 773
154, 811
155, 802
156, 219
156, 378
156, 511
157, 454
157, 476
158, 679
158, 883
158, 886
159, 228
160, 596
161, 459
161, 638
162, 444
163, 867
164, 234
164, 418
164, 468
164, 638
164, 680
164, 734
164, 800
164, 864
164, 883
165, 831
166, 378
167, 347
167, 387
167, 431
167, 570
167, 619
167, 638
167, 647
167, 778
167, 828
167, 883
167, 965
168, 444
168, 487
170, 267
170, 490
170, 523
170, 582
170, 640
170, 719
170, 957
171, 230
172, 659
173, 734
174, 791
175, 431
176, 989
177, 195
177, 352
177, 523
177, 671
178, 281
178, 638
179, 203
179, 378
180, 565
180, 883
181, 317
181, 703
181, 725
182, 201
182, 268
182, 281
182, 378
182, 431
182, 523
182, 582
182, 632
182, 638
183, 290
183, 378
183, 638
184, 887
185, 286
185, 531
185, 793
186, 235
186, 310
186, 352
186, 444
186, 598
186, 648
186, 671
186, 687
186, 883
186, 957
186, 972
187, 477
188, 201
188, 226
188, 228
188, 348
188, 378
188, 454
188, 883
189, 453
189, 701
190, 257
190, 352
191, 240
191, 355
192, 444
192, 690
192, 767
192, 925
193, 201
193, 219
193, 771
193, 909
194, 633
195, 226
195, 345
195, 484
195, 532
195, 584
195, 638
195, 695
195, 728
195, 812
195, 848
195, 867
195, 883
196, 352
196, 582
196, 864
197, 982
198, 202
198, 381
198, 553
198, 773
199, 223
200, 329
200, 352
200, 531
201, 215
201, 228
201, 229
201, 234
201, 268
201, 281
201, 290
201, 320
201, 345
201, 362
201, 365
201, 388
201, 416
201, 429
201, 431
201, 451
201, 479
201, 582
201, 594
201, 604
201, 611
201, 613
201, 618
201, 632
201, 638
201, 668
201, 678
201, 684
201, 690
201, 753
201, 769
201, 773
201, 807
201, 848
201, 867
201, 872
201, 883
201, 958
201, 961
201, 964
201, 966
201, 986
201, 990
202, 239
202, 281
202, 290
202, 343
202, 378
202, 394
202, 431
202, 475
202, 492
202, 638
202, 690
202, 691
202, 807
202, 828
202, 963
202, 986
203, 290
203, 378
203, 465
203, 638
203, 883
203, 942
204, 230
205, 492
205, 829
206, 378
208, 754
209, 749
209, 883
210, 343
210, 632
210, 864
210, 942
211, 352
212, 638
212, 976
213, 281
213, 295
213, 365
213, 406
213, 635
213, 638
213, 801
214, 538
214, 604
214, 920
215, 398
215, 638
215, 740
215, 925
216, 451
216, 571
216, 706
217, 320
217, 638
218, 845
219, 234
219, 444
219, 615
219, 772
219, 814
219, 957
219, 975
220, 618
220, 638
222, 690
223, 638
224, 409
224, 845
225, 352
225, 638
225, 773
226, 449
228, 234
228, 363
228, 444
228, 850
228, 879
229, 391
229, 749
229, 753
229, 995
230, 313
230, 342
230, 352
230, 509
230, 638
230, 883
231, 694
232, 892
233, 614
233, 638
234, 243
234, 262
234, 263
234, 268
234, 272
234, 279
234, 288
234, 290
234, 343
234, 354
234, 358
234, 378
234, 393
234, 431
234, 454
234, 475
234, 478
234, 489
234, 504
234, 509
234, 523
234, 534
234, 547
234, 554
234, 581
234, 612
234, 632
234, 638
234, 660
234, 664
234, 665
234, 718
234, 733
234, 737
234, 751
234, 773
234, 805
234, 807
234, 811
234, 816
234, 831
234, 845
234, 867
234, 883
234, 947
234, 960
234, 964
234, 968
234, 973
234, 979
234, 982
234, 986
236, 272
236, 793
237, 883
238, 555
239, 288
239, 290
239, 298
239, 444
239, 454
241, 323
241, 638
242, 431
242, 496
242, 732
242, 774
243, 301
244, 494
245, 596
246, 290
246, 343
246, 846
247, 850
247, 964
247, 968
248, 298
250, 516
250, 738
251, 527
251, 626
251, 638
251, 931
252, 354
253, 638
253, 946
254, 520
254, 887
255, 619
255, 904
256, 424
257, 378
257, 431
257, 968
258, 415
258, 532
258, 638
259, 603
259, 638
259, 773
259, 792
259, 883
261, 488
262, 378
262, 582
263, 897
263, 990
264, 444
265, 341
266, 290
267, 638
268, 335
268, 337
268, 388
268, 431
268, 523
268, 528
268, 604
268, 638
268, 736
268, 756
268, 792
268, 867
268, 875
268, 951
269, 325
269, 330
269, 444
269, 512
269, 520
269, 616
269, 619
269, 638
269, 657
269, 773
269, 851
269, 927
269, 996
270, 883
270, 982
272, 378
273, 345
274, 484
274, 638
274, 912
274, 999
275, 352
275, 679
275, 884
276, 290
276, 946
278, 431
280, 998
281, 290
281, 318
281, 343
281, 345
281, 352
281, 363
281, 374
281, 378
281, 397
281, 411
281, 431
281, 441
281, 451
281, 454
281, 457
281, 458
281, 487
281, 523
281, 578
281, 592
281, 604
281, 609
281, 633
281, 638
281, 642
281, 700
281, 709
281, 718
281, 741
281, 753
281, 777
281, 790
281, 800
281, 828
281, 845
281, 854
281, 859
281, 864
281, 867
281, 883
281, 888
281, 922
281, 942
281, 964
283, 290
283, 306
283, 356
283, 507
283, 551
283, 632
284, 352
285, 638
285, 883
286, 352
286, 567
287, 883
288, 512
288, 800
288, 864
288, 984
289, 290
290, 352
290, 358
290, 365
290, 376
290, 378
290, 395
290, 406
290, 447
290, 462
290, 483
290, 484
290, 493
290, 512
290, 567
290, 618
290, 619
290, 626
290, 638
290, 690
290, 734
290, 745
290, 765
290, 770
290, 791
290, 826
290, 827
290, 859
290, 868
290, 883
290, 885
290, 917
290, 945
290, 946
290, 959
290, 986
290, 989
291, 776
292, 477
293, 883
294, 720
295, 643
295, 883
296, 983
297, 509
297, 845
297, 855
298, 845
299, 386
299, 594
299, 638
299, 734
300, 532
300, 588
300, 888
301, 964
302, 638
303, 632
303, 971
304, 352
305, 984
306, 352
307, 634
308, 356
308, 498
308, 638
308, 883
309, 546
309, 786
310, 992
311, 825
313, 933
314, 542
315, 345
316, 365
316, 680
317, 632
317, 638
317, 749
317, 903
318, 642
318, 668
318, 753
319, 531
320, 773
321, 527
322, 431
323, 638
324, 575
325, 579
326, 378
326, 982
327, 544
327, 609
329, 378
330, 638
331, 872
331, 904
332, 551
333, 343
333, 348
334, 638
336, 883
338, 686
338, 836
338, 989
339, 444
339, 619
339, 638
340, 444
340, 968
341, 345
341, 383
342, 632
342, 633
342, 638
343, 546
343, 585
343, 632
343, 638
343, 781
343, 832
343, 968
343, 978
344, 352
344, 365
345, 434
345, 509
345, 525
345, 556
345, 638
345, 647
345, 668
345, 867
346, 684
347, 749
349, 509
349, 585
349, 638
351, 444
351, 548
351, 585
352, 365
352, 378
352, 411
352, 423
352, 433
352, 435
352, 444
352, 451
352, 454
352, 479
352, 502
352, 532
352, 560
352, 564
352, 638
352, 654
352, 684
352, 734
352, 748
352, 751
352, 753
352, 782
352, 798
352, 805
352, 815
352, 827
352, 868
352, 883
352, 909
352, 964
352, 986
353, 378
354, 744
355, 365
357, 773
357, 791
358, 484
358, 644
358, 773
359, 825
361, 431
361, 632
362, 827
363, 453
363, 509
363, 617
363, 638
363, 883
363, 990
365, 389
365, 431
365, 451
365, 459
365, 466
365, 479
365, 509
365, 619
365, 638
365, 661
365, 690
365, 845
365, 883
365, 904
365, 964
365, 968
367, 523
367, 638
367, 968
367, 971
367, 995
368, 404
368, 680
368, 773
369, 431
369, 635
370, 378
370, 381
370, 698
370, 792
372, 509
373, 378
373, 638
373, 652
375, 638
375, 922
376, 551
377, 532
377, 559
377, 867
377, 883
378, 406
378, 430
378, 444
378, 447
378, 451
378, 454
378, 479
378, 489
378, 505
378, 522
378, 523
378, 540
378, 546
378, 549
378, 560
378, 582
378, 584
378, 619
378, 632
378, 633
378, 638
378, 640
378, 641
378, 643
378, 647
378, 679
378, 681
378, 688
378, 695
378, 751
378, 769
378, 773
378, 794
378, 845
378, 850
378, 858
378, 869
378, 879
378, 883
378, 888
378, 895
378, 904
378, 922
378, 923
378, 947
378, 951
378, 966
378, 968
378, 974
378, 984
378, 986
378, 995
379, 883
379, 966
380, 961
381, 421
381, 909
384, 596
384, 883
385, 479
387, 523
387, 632
387, 638
387, 773
387, 830
387, 883
388, 431
388, 730
389, 894
390, 850
390, 932
392, 431
392, 638
393, 749
395, 940
396, 619
396, 638
399, 510
399, 672
400, 443
400, 647
401, 523
401, 873
402, 883
403, 632
404, 632
404, 690
404, 738
404, 995
405, 632
407, 745
408, 487
410, 638
411, 638
411, 853
412, 883
413, 753
414, 809
416, 480
416, 844
419, 721
419, 998
420, 749
421, 596
422, 986
425, 453
425, 454
425, 690
425, 843
425, 900
426, 638
426, 899
427, 632
428, 431
428, 638
431, 457
431, 484
431, 491
431, 492
431, 504
431, 523
431, 565
431, 573
431, 623
431, 632
431, 633
431, 638
431, 641
431, 745
431, 753
431, 763
431, 777
431, 792
431, 809
431, 826
431, 845
431, 852
431, 877
431, 883
431, 887
431, 888
431, 925
431, 964
431, 966
431, 973
431, 974
432, 632
432, 998
434, 523
434, 531
434, 638
434, 792
434, 832
434, 883
436, 638
437, 582
439, 682
439, 890
439, 964
439, 986
440, 638
440, 690
440, 739
441, 533
442, 923
444, 451
444, 460
444, 509
444, 632
444, 633
444, 638
444, 690
444, 816
444, 830
444, 867
444, 870
445, 604
446, 632
447, 917
448, 529
448, 602
448, 661
450, 884
451, 638
451, 745
451, 749
451, 791
451, 792
451, 817
451, 823
451, 964
451, 990
452, 641
452, 802
453, 723
453, 814
454, 461
454, 479
454, 489
454, 509
454, 515
454, 548
454, 549
454, 632
454, 638
454, 668
454, 715
454, 739
454, 753
454, 765
454, 793
454, 802
454, 829
454, 858
454, 883
454, 964
455, 811
458, 532
458, 638
459, 464
459, 544
459, 582
459, 722
459, 747
459, 883
459, 998
462, 632
462, 994
463, 773
463, 915
469, 638
469, 757
470, 793
471, 742
472, 957
473, 883
473, 997
474, 915
475, 638
476, 689
477, 613
477, 883
477, 982
479, 619
479, 632
479, 638
479, 663
479, 734
479, 785
479, 807
479, 823
479, 833
479, 845
479, 852
479, 876
479, 895
479, 942
479, 951
479, 956
479, 964
479, 966
479, 985
482, 883
483, 638
483, 773
484, 553
484, 638
484, 647
484, 756
484, 792
484, 952
484, 984
485, 638
486, 503
486, 849
487, 948
488, 593
489, 773
490, 739
491, 805
492, 760
496, 657
497, 563
497, 690
497, 845
498, 982
499, 580
499, 632
500, 638
501, 542
502, 638
504, 867
506, 582
507, 638
507, 951
508, 738
509, 575
509, 632
509, 669
509, 684
509, 698
509, 878
509, 966
510, 777
511, 753
512, 638
512, 702
512, 832
512, 999
514, 670
514, 963
515, 690
515, 909
515, 998
517, 657
518, 638
518, 968
519, 619
519, 664
520, 632
520, 968
521, 798
523, 532
523, 638
523, 641
523, 684
523, 745
523, 751
523, 883
523, 922
523, 951
523, 955
524, 638
526, 680
526, 867
527, 638
527, 811
530, 883
531, 624
531, 686
531, 720
531, 804
531, 864
531, 874
531, 881
531, 883
531, 964
531, 990
532, 559
532, 585
532, 641
532, 668
532, 680
532, 683
532, 765
532, 773
532, 776
532, 831
532, 883
532, 891
532, 918
532, 946
535, 631
536, 718
537, 954
538, 848
539, 638
540, 828
540, 883
540, 981
541, 753
541, 990
543, 847
544, 745
545, 716
545, 924
546, 592
546, 638
546, 723
546, 745
547, 638
547, 848
548, 632
548, 864
548, 980
549, 638
550, 883
551, 638
551, 747
551, 845
551, 919
551, 964
551, 986
552, 638
552, 883
552, 960
554, 883
556, 632
557, 976
561, 982
564, 638
564, 880
566, 660
566, 799
566, 964
567, 638
567, 794
567, 973
567, 993
568, 638
569, 909
569, 934
572, 984
573, 585
574, 582
575, 636
575, 818
575, 990
576, 582
576, 868
577, 807
579, 883
582, 587
582, 638
582, 680
582, 719
582, 729
582, 827
582, 883
582, 990
583, 632
584, 618
584, 859
585, 632
585, 633
585, 638
585, 647
585, 724
585, 734
585, 866
585, 879
585, 883
585, 964
586, 883
587, 638
589, 638
590, 986
591, 619
592, 638
592, 845
593, 599
593, 616
593, 845
593, 950
593, 984
594, 638
596, 638
597, 883
597, 968
597, 995
601, 630
601, 650
601, 819
601, 964
604, 638
604, 709
604, 790
604, 859
604, 883
605, 739
607, 773
608, 618
608, 633
608, 883
609, 877
610, 883
612, 738
612, 842
617, 816
619, 632
619, 634
619, 638
619, 690
619, 739
619, 791
619, 807
619, 815
619, 837
619, 848
619, 862
619, 883
619, 895
619, 935
619, 951
620, 968
620, 991
621, 993
622, 951
624, 638
624, 792
625, 883
625, 977
626, 883
626, 950
627, 831
628, 912
629, 766
629, 867
630, 864
631, 648
632, 638
632, 643
632, 647
632, 648
632, 706
632, 718
632, 760
632, 773
632, 845
632, 859
632, 865
632, 867
632, 883
632, 888
632, 898
632, 915
632, 920
632, 926
632, 932
632, 946
632, 951
632, 968
632, 974
633, 638
633, 680
633, 825
633, 831
633, 833
633, 864
633, 883
633, 886
633, 949
633, 964
633, 990
633, 994
633, 995
634, 864
634, 883
634, 946
634, 964
634, 986
635, 638
635, 727
635, 749
635, 903
637, 638
638, 641
638, 644
638, 645
638, 649
638, 664
638, 668
638, 675
638, 676
638, 679
638, 683
638, 684
638, 690
638, 692
638, 694
638, 695
638, 697
638, 704
638, 706
638, 717
638, 718
638, 722
638, 723
638, 725
638, 734
638, 735
638, 736
638, 739
638, 749
638, 751
638, 762
638, 765
638, 766
638, 773
638, 784
638, 789
638, 793
638, 802
638, 807
638, 808
638, 811
638, 813
638, 819
638, 828
638, 832
638, 837
638, 844
638, 845
638, 851
638, 857
638, 864
638, 867
638, 876
638, 882
638, 883
638, 886
638, 887
638, 889
638, 893
638, 895
638, 897
638, 904
638, 905
638, 915
638, 923
638, 929
638, 931
638, 932
638, 940
638, 945
638, 946
638, 951
638, 957
638, 961
638, 964
638, 966
638, 968
638, 971
638, 974
638, 977
638, 983
638, 988
638, 990
638, 995
638, 996
638, 998
639, 643
639, 886
639, 968
641, 845
641, 854
641, 883
641, 946
641, 964
641, 966
642, 690
643, 964
646, 807
647, 804
647, 811
647, 835
647, 883
647, 969
647, 990
647, 995
648, 651
648, 753
651, 795
654, 846
656, 792
656, 867
657, 697
657, 883
657, 980
658, 974
659, 864
659, 977
660, 901
665, 883
666, 913
668, 718
668, 755
668, 773
668, 829
668, 967
668, 968
670, 883
674, 818
674, 883
675, 883
676, 847
677, 966
678, 878
679, 700
679, 702
679, 742
679, 791
679, 968
680, 840
680, 883
680, 932
680, 990
680, 998
681, 751
682, 787
683, 701
683, 780
683, 820
683, 987
684, 867
684, 986
685, 802
685, 883
686, 819
686, 995
687, 693
690, 707
690, 718
690, 785
690, 796
690, 837
690, 864
690, 883
690, 889
690, 964
690, 990
691, 998
693, 994
696, 984
698, 951
703, 774
708, 792
711, 831
714, 946
716, 810
717, 899
718, 830
718, 867
718, 951
719, 961
722, 896
726, 829
726, 984
727, 834
727, 864
728, 824
730, 734
730, 848
731, 909
734, 864
734, 895
734, 952
734, 964
734, 968
737, 859
738, 867
739, 848
739, 903
740, 787
740, 883
741, 861
741, 883
741, 904
743, 773
746, 819
749, 753
749, 783
749, 815
749, 894
749, 941
749, 998
751, 883
753, 832
753, 883
753, 915
753, 956
753, 961
754, 968
757, 984
758, 943
759, 883
760, 846
760, 998
761, 886
762, 814
764, 819
770, 939
773, 794
773, 796
773, 864
773, 883
773, 885
773, 928
773, 971
774, 946
774, 976
774, 996
775, 864
779, 966
784, 864
787, 810
788, 883
790, 867
791, 855
791, 986
792, 910
793, 859
794, 883
797, 859
798, 883
798, 946
798, 986
799, 990
800, 908
800, 946
802, 883
802, 949
802, 964
803, 883
805, 883
805, 916
806, 964
807, 845
807, 883
807, 941
807, 950
807, 951
807, 968
808, 892
810, 867
811, 931
811, 988
812, 951
815, 827
816, 892
816, 975
818, 883
819, 887
819, 932
820, 990
821, 883
828, 883
831, 832
831, 909
831, 990
832, 845
838, 883
841, 867
841, 883
842, 845
845, 859
845, 860
845, 864
845, 883
845, 896
845, 940
847, 883
848, 989
848, 998
850, 887
851, 863
856, 978
857, 955
858, 986
858, 995
859, 883
864, 883
864, 909
864, 911
864, 964
864, 966
864, 990
865, 884
867, 900
867, 932
868, 883
868, 942
868, 968
874, 883
882, 883
882, 964
883, 891
883, 893
883, 907
883, 921
883, 930
883, 935
883, 946
883, 951
883, 953
883, 957
883, 962
883, 964
883, 968
883, 973
883, 984
883, 986
883, 990
883, 998
886, 956
902, 964
904, 990
906, 909
909, 930
914, 966
915, 969
919, 925
926, 948
934, 940
936, 989
946, 998
951, 995
957, 982
964, 968
964, 970
964, 976
964, 998
968, 984
968, 998
986, 990
990, 994
