0, 3023
0, 4324
1, 3973
2, 1936
2, 4408
3, 1238
4, 3642
5, 4660
6, 2457
7, 641
7, 3487
8, 1848
8, 2905
9, 1007
9, 2144
9, 2913
9, 4288
10, 2935
11, 4464
12, 1507
12, 2281
13, 2916
14, 4970
15, 3343
16, 1723
16, 4469
17, 4669
18, 1529
19, 4534
20, 2298
21, 917
21, 1154
22, 3753
22, 4774
23, 2088
23, 3427
23, 4378
23, 4923
24, 1346
24, 4124
24, 4177
25, 139
26, 842
27, 2436
27, 3004
28, 1051
29, 2753
29, 3179
30, 977
30, 1152
30, 4051
31, 1821
31, 3182
32, 4059
33, 4139
34, 2027
34, 4183
35, 350
36, 1472
36, 1823
37, 202
37, 437
38, 206
38, 809
38, 930
38, 1217
38, 1260
38, 1780
38, 3929
38, 3946
38, 4217
38, 4630
38, 4678
39, 3878
40, 227
41, 240
41, 525
41, 1034
41, 1542
41, 2233
41, 2553
41, 2622
41, 3935
42, 3005
42, 3821
43, 645
43, 1860
44, 3212
44, 4508
45, 2851
46, 2586
46, 4256
47, 680
47, 1108
47, 1865
48, 1689
49, 532
50, 4070
50, 4435
51, 2146
52, 4434
53, 396
54, 2334
55, 3972
56, 2732
57, 197
57, 3174
57, 4219
58, 3203
58, 3753
58, 3948
59, 4054
60, 293
60, 758
60, 3427
61, 1805
62, 3706
63, 4746
64, 68
64, 439
64, 663
64, 1324
64, 2597
64, 2984
64, 3302
64, 3634
64, 4043
65, 4881
66, 2782
67, 2553
68, 640
68, 2462
68, 2585
69, 970
70, 4541
71, 941
72, 4500
73, 1134
73, 3328
73, 4803
74, 2237
75, 3141
76, 1155
76, 1797
76, 2932
76, 4120
77, 1787
78, 522
78, 2481
79, 3128
79, 4876
80, 3876
80, 4521
81, 1136
82, 3651
83, 2020
83, 4479
84, 1506
84, 1532
84, 1838
85, 1208
85, 4325
86, 2905
86, 4253
87, 1753
87, 3753
88, 172
88, 246
88, 260
88, 623
88, 694
88, 786
88, 854
88, 984
88, 989
88, 1032
88, 1317
88, 1443
88, 1495
88, 1498
88, 1594
88, 1685
88, 1693
88, 1721
88, 1841
88, 1984
88, 2292
88, 2312
88, 2553
88, 2677
88, 2712
88, 2880
88, 2946
88, 2977
88, 3201
88, 3313
88, 3666
88, 4123
88, 4205
88, 4355
88, 4479
88, 4610
88, 4678
88, 4712
88, 4731
88, 4747
88, 4841
88, 4985
89, 656
89, 1269
89, 1423
90, 1735
91, 3726
92, 1447
93, 2045
94, 2253
94, 4658
95, 3004
95, 4091
95, 4900
96, 2785
97, 139
97, 246
97, 1280
98, 2422
99, 975
100, 203
101, 3038
102, 1361
103, 915
104, 1108
105, 2304
105, 2611
106, 2529
106, 4736
107, 3226
108, 1862
109, 2719
110, 168
110, 734
110, 1702
110, 2643
110, 4471
111, 775
111, 4377
112, 4299
113, 501
113, 988
113, 4374
114, 909
114, 4118
115, 357
115, 2419
115, 3332
116, 644
117, 3931
118, 2553
118, 3485
119, 2846
120, 4904
121, 1800
122, 544
123, 3571
124, 3535
125, 2711
125, 2951
126, 1703
126, 3659
126, 3826
126, 4414
127, 1219
128, 1374
129, 4216
130, 948
130, 2435
130, 4617
131, 3183
131, 4683
132, 1754
133, 3423
133, 4324
134, 1743
135, 3064
136, 4326
137, 4560
138, 345
138, 3423
139, 3110
140, 1301
140, 2216
141, 343
141, 1903
141, 2983
141, 3753
141, 4356
142, 1250
142, 4638
143, 4258
144, 261
144, 1057
144, 1739
144, 1850
144, 2037
144, 2495
144, 3306
144, 4472
145, 2201
146, 2868
147, 2203
147, 3334
148, 2637
149, 4101
150, 2285
151, 2488
151, 2660
151, 2905
151, 3478
151, 3563
152, 736
153, 2453
154, 3587
155, 2107
155, 3025
156, 2703
157, 4077
157, 4916
158, 3192
158, 4277
159, 1414
159, 3655
160, 277
161, 1108
162, 533
163, 3871
164, 3307
165, 2693
165, 2781
165, 3331
166, 4829
167, 506
168, 1142
168, 2734
168, 4381
169, 246
170, 3403
171, 1704
171, 2583
171, 2770
173, 3856
174, 436
175, 1383
176, 2116
177, 953
178, 3535
178, 4443
179, 2171
180, 2876
181, 3384
182, 3554
182, 4372
183, 1537
183, 1551
183, 1762
183, 3180
184, 1883
184, 2610
185, 2629
186, 3175
186, 4924
187, 1811
187, 2665
187, 3753
188, 2293
189, 709
189, 1332
189, 3240
190, 2553
191, 235
192, 1325
192, 4521
193, 3931
193, 4697
194, 1127
194, 3738
195, 4380
196, 1519
196, 2186
196, 2682
196, 3714
196, 4092
197, 2764
198, 354
199, 665
199, 2494
200, 3753
200, 4660
201, 4043
201, 4916
202, 358
202, 943
202, 3015
202, 3100
202, 3478
202, 3753
202, 4225
202, 4326
203, 1169
203, 1551
203, 1732
203, 3351
204, 475
204, 1093
204, 3845
205, 4173
207, 3106
208, 763
209, 2553
210, 1700
210, 3013
211, 246
211, 331
211, 3931
212, 3389
213, 1434
213, 2668
214, 1314
214, 3558
214, 4612
215, 308
215, 1386
216, 927
216, 4120
217, 3198
217, 4282
218, 1294
218, 1641
219, 2937
220, 1639
220, 1699
220, 2119
221, 300
222, 1004
223, 3315
224, 1131
224, 1709
225, 463
226, 1628
226, 3930
227, 586
228, 483
229, 1122
229, 1588
229, 2113
230, 1103
230, 1777
230, 4433
231, 1108
231, 2111
231, 4516
232, 689
233, 1086
234, 1369
235, 1234
235, 1913
235, 2065
235, 2553
235, 2805
235, 3467
235, 3641
235, 4800
235, 4996
236, 2419
237, 3154
238, 1569
239, 1258
240, 833
240, 1456
241, 1981
242, 4419
243, 2052
243, 2737
244, 4521
245, 2625
246, 348
246, 446
246, 636
246, 785
246, 852
246, 1402
246, 1556
246, 1772
246, 1824
246, 1890
246, 1914
246, 1972
246, 2027
246, 2150
246, 2249
246, 2309
246, 2335
246, 2388
246, 2425
246, 2853
246, 3026
246, 3475
246, 3544
246, 3584
246, 3674
246, 3862
246, 3942
246, 4231
246, 4309
246, 4514
247, 4267
248, 2616
248, 3726
249, 2464
249, 3057
250, 1640
251, 435
252, 1205
252, 3897
253, 1717
253, 4127
254, 4139
255, 2648
256, 2699
256, 4970
257, 3771
257, 4921
258, 3362
259, 861
259, 4024
260, 2876
261, 2899
262, 1649
263, 345
264, 344
264, 720
265, 640
265, 688
266, 4184
267, 2878
268, 3095
269, 736
270, 1429
270, 1643
270, 3622
270, 3804
270, 4292
271, 1107
271, 1522
271, 2753
271, 3024
272, 4722
273, 3748
274, 2653
274, 3383
275, 1795
276, 3237
276, 4482
277, 3623
278, 2682
279, 1454
280, 1595
281, 1665
282, 988
283, 342
283, 928
283, 1257
283, 2553
283, 2829
283, 4521
283, 4739
283, 4833
284, 3463
285, 521
285, 1739
286, 3509
287, 2399
288, 1208
288, 3753
289, 3358
290, 1588
290, 4367
291, 700
292, 1575
292, 1687
292, 1797
292, 1891
292, 3016
292, 3061
292, 3781
292, 3943
292, 4011
294, 1200
295, 3931
296, 1498
297, 1457
297, 4652
298, 1498
298, 1836
299, 464
299, 4400
300, 1834
301, 2822
301, 2929
302, 884
302, 4183
303, 1588
303, 4809
304, 1823
305, 1595
305, 2421
306, 2300
307, 1206
308, 1826
309, 3409
310, 2631
310, 4236
311, 4831
312, 1813
313, 1607
313, 3765
314, 4141
315, 608
315, 4286
316, 3753
317, 2781
318, 4862
319, 403
319, 2264
319, 3673
320, 1046
320, 2844
321, 4425
321, 4658
322, 3861
322, 4566
323, 4938
324, 3644
325, 4870
326, 936
327, 1825
327, 4651
328, 1382
329, 1546
330, 970
332, 1238
333, 2566
334, 4068
335, 1867
336, 622
337, 3374
338, 1195
339, 4634
340, 4906
340, 4968
341, 1741
341, 2445
343, 2344
344, 1507
345, 2424
345, 4322
346, 2257
347, 2935
347, 3032
347, 3259
347, 4061
349, 3301
351, 2375
351, 3931
352, 793
353, 4178
353, 4881
354, 1126
354, 2241
354, 2984
354, 3152
354, 3684
354, 4734
354, 4751
354, 4814
355, 1602
356, 4744
356, 4783
359, 1113
360, 2826
360, 3989
361, 2104
362, 3934
363, 903
363, 2167
364, 1685
365, 2361
365, 3074
365, 3208
366, 4648
367, 764
367, 1908
367, 2553
367, 2821
367, 3583
367, 4103
368, 4608
369, 2660
369, 4159
369, 4384
370, 1572
370, 2235
371, 2762
372, 1824
372, 2822
373, 4769
374, 4196
375, 3560
375, 3787
376, 545
376, 1254
377, 4379
378, 1375
378, 3662
379, 3201
379, 3580
380, 415
380, 852
380, 1570
380, 1818
380, 1970
380, 2524
380, 3123
380, 3225
380, 3343
380, 3426
380, 4635
381, 3835
381, 4521
382, 4990
383, 1245
383, 3763
384, 1030
385, 2186
386, 2673
387, 1538
388, 4056
389, 1563
389, 2553
389, 4391
390, 1225
390, 1764
391, 2261
391, 2710
392, 2534
393, 3081
394, 2217
394, 2362
395, 2097
397, 1623
398, 4523
399, 977
400, 3584
401, 1411
401, 4161
402, 2301
402, 3452
403, 3669
404, 4467
405, 4469
406, 1986
406, 3411
407, 1332
408, 682
408, 3707
409, 420
410, 1697
411, 4258
412, 2598
413, 720
413, 3403
414, 3090
416, 4852
417, 516
418, 1421
418, 1422
419, 4183
421, 4294
422, 2841
423, 2553
424, 2955
425, 2184
426, 3140
427, 4426
427, 4460
428, 1440
428, 1740
429, 2170
429, 3659
430, 779
430, 3837
431, 4006
432, 3277
433, 907
433, 1438
433, 1857
433, 3009
433, 3470
433, 4430
433, 4515
433, 4805
433, 4838
434, 809
436, 1051
436, 1453
438, 4246
440, 3934
440, 4461
441, 2930
441, 3913
442, 1108
442, 1843
443, 2661
444, 1504
445, 662
446, 584
446, 1171
446, 2737
446, 3473
446, 4642
447, 3187
448, 2735
449, 3146
449, 3909
450, 1503
450, 1712
451, 4671
452, 4798
453, 1468
453, 2087
453, 2233
453, 3334
453, 3931
454, 4469
455, 677
455, 1144
456, 634
456, 1164
456, 2301
456, 2757
456, 3499
456, 4997
457, 4259
458, 1067
459, 1651
460, 1774
460, 3259
461, 554
461, 827
461, 2958
462, 2519
463, 1130
464, 1816
465, 4344
466, 832
467, 755
467, 4719
468, 4093
469, 2984
470, 3447
471, 498
472, 4018
473, 4326
474, 1785
474, 3907
476, 4870
477, 4120
477, 4613
478, 1551
479, 825
479, 4770
480, 1822
481, 651
481, 966
481, 1985
481, 2684
481, 4118
481, 4442
482, 3636
484, 3129
485, 2516
485, 4553
486, 1051
486, 1969
486, 2343
486, 2888
487, 2325
488, 2596
489, 1426
489, 3753
490, 2165
491, 3815
491, 4080
492, 1153
492, 3467
493, 1048
493, 3835
494, 855
494, 4860
495, 4725
496, 4664
497, 1150
498, 1655
499, 3175
499, 3418
500, 2196
500, 4635
502, 2669
503, 4666
504, 3528
504, 4847
505, 2285
506, 796
507, 3478
508, 687
509, 732
509, 2553
510, 2688
511, 1544
511, 3012
511, 4000
511, 4043
512, 4326
513, 1525
513, 3651
514, 2553
514, 3189
514, 3975
515, 2519
516, 3224
517, 2036
517, 2535
518, 767
519, 556
520, 2766
522, 3401
523, 1858
524, 573
525, 1383
525, 1661
525, 2593
525, 3172
525, 3923
525, 4926
526, 4763
527, 4874
528, 1165
529, 1139
529, 2516
530, 3710
531, 1519
533, 3123
533, 3378
533, 4579
534, 990
534, 2579
534, 2896
534, 3948
534, 4274
535, 1876
536, 2929
537, 3010
538, 3238
539, 1132
540, 2553
541, 4380
542, 885
542, 2027
542, 3187
543, 1791
546, 1808
546, 3478
547, 635
547, 2057
548, 816
548, 1842
548, 2816
549, 4192
549, 4893
550, 2482
550, 4673
551, 1546
551, 1560
552, 920
553, 1441
553, 3933
553, 4622
553, 4912
554, 3637
555, 2202
557, 2908
558, 1840
559, 3285
560, 1630
561, 4549
562, 949
563, 2553
564, 4212
565, 3084
566, 650
566, 1161
567, 4078
568, 941
568, 1960
569, 1316
569, 2212
569, 3741
570, 3663
571, 1914
571, 2043
572, 3754
574, 4986
575, 2441
576, 4547
577, 2878
577, 4651
578, 4927
579, 2687
580, 677
581, 3648
581, 4154
582, 4090
583, 3085
584, 2374
584, 3424
584, 4641
584, 4823
585, 719
586, 1482
587, 997
587, 1600
587, 3693
587, 4907
588, 3534
589, 849
589, 1976
590, 1035
591, 3344
592, 2678
593, 4292
594, 742
594, 756
595, 2305
595, 3126
596, 1271
596, 2401
597, 3753
598, 3147
598, 3841
599, 3094
599, 3327
600, 3031
601, 4786
602, 4943
603, 2138
603, 2896
604, 1343
605, 610
606, 809
606, 2644
606, 3529
606, 3957
607, 4949
609, 3629
610, 841
611, 4483
611, 4494
612, 2049
613, 4613
614, 1045
614, 4788
615, 3504
616, 1439
617, 1009
618, 2780
619, 2435
620, 1277
620, 3507
620, 4152
621, 1160
621, 1723
621, 2779
621, 3143
621, 3322
621, 3813
621, 4928
624, 4521
625, 2256
626, 2412
626, 4751
627, 2455
627, 4257
628, 4013
628, 4914
629, 2423
630, 4521
631, 1059
632, 4780
633, 2701
634, 1093
634, 1739
634, 1960
634, 1995
634, 3762
634, 3940
634, 4289
634, 4613
635, 790
635, 929
635, 1529
635, 2253
636, 701
636, 2679
637, 1588
637, 3295
637, 4653
638, 4161
639, 3517
640, 1370
640, 1694
640, 2199
640, 3057
640, 3159
640, 3206
640, 3393
640, 3438
640, 3666
640, 3753
640, 3977
640, 3978
640, 4440
640, 4547
640, 4606
640, 4688
640, 4902
640, 4948
641, 4334
642, 3688
643, 1473
643, 3056
643, 4089
643, 4369
644, 3957
645, 3931
646, 4794
647, 2669
647, 3389
648, 4148
649, 1690
649, 2970
649, 3588
649, 4917
650, 3330
652, 2553
653, 4722
654, 2553
655, 2546
657, 4596
658, 1601
658, 2334
659, 1088
659, 2119
659, 4851
660, 4236
661, 1569
661, 2575
662, 3483
663, 1910
664, 4599
666, 2613
666, 4450
667, 3950
668, 2376
669, 2997
670, 1355
670, 2516
670, 3044
670, 3729
671, 2880
672, 4429
673, 3096
673, 3882
674, 1511
675, 4199
676, 3330
676, 3888
678, 2035
678, 2336
679, 4236
680, 2288
681, 1253
681, 1709
681, 3205
681, 4678
682, 1129
682, 1959
682, 3501
683, 3965
684, 1309
685, 1215
685, 2784
686, 1175
686, 1947
686, 2797
686, 4516
687, 2291
688, 1443
690, 4855
691, 3321
692, 947
692, 1506
692, 2611
692, 4209
692, 4503
692, 4946
693, 4227
693, 4887
695, 2081
696, 953
696, 3433
697, 817
697, 2387
698, 4953
699, 2540
700, 1382
701, 1236
702, 4726
703, 2129
703, 2786
704, 2775
704, 3042
705, 4971
706, 2064
707, 1321
708, 3766
708, 4970
710, 3424
711, 3988
712, 804
713, 2992
714, 1835
715, 4824
716, 3753
717, 1135
718, 1386
718, 4750
719, 741
720, 1416
720, 2530
721, 1102
721, 4575
722, 4483
723, 3214
724, 1737
724, 1850
725, 1710
725, 2047
726, 3498
727, 3676
728, 2553
729, 3707
729, 4383
730, 2652
731, 4031
732, 4041
733, 2993
734, 3577
735, 1613
736, 1264
736, 3375
737, 4594
738, 3405
739, 1064
739, 1124
740, 3075
740, 4876
741, 2033
741, 3753
741, 4545
742, 1922
743, 3935
743, 4930
744, 3448
745, 964
746, 1034
747, 2076
747, 2347
747, 4226
748, 2589
749, 2315
749, 3609
750, 1568
751, 755
751, 1464
751, 1813
751, 1877
752, 3269
753, 4244
753, 4423
753, 4564
754, 1130
755, 2738
755, 2922
755, 3196
757, 3802
759, 2895
759, 4206
760, 3660
761, 1084
762, 2231
762, 3187
765, 2163
766, 4129
767, 3116
768, 1968
769, 3563
770, 1872
771, 4585
771, 4754
772, 2622
773, 1723
774, 3597
775, 1436
775, 1691
775, 3686
775, 4380
775, 4960
776, 2385
776, 2816
776, 4732
777, 4762
778, 3820
779, 3330
780, 3820
781, 2334
782, 3920
783, 3166
784, 3092
786, 2012
786, 3928
787, 1966
788, 1967
789, 2934
789, 4765
791, 4839
792, 1287
792, 1900
793, 1636
793, 3928
794, 997
794, 2611
794, 3753
794, 4030
795, 2080
795, 3085
795, 4934
796, 2553
797, 3968
798, 1679
798, 1728
799, 1151
800, 4042
800, 4250
801, 2553
802, 2553
802, 3095
802, 3655
803, 1216
804, 1419
804, 3292
805, 2279
805, 4413
806, 4398
807, 2113
807, 3572
808, 2093
809, 839
810, 1591
811, 2571
811, 3655
812, 3882
812, 4943
813, 1588
813, 3255
813, 4326
814, 4611
815, 1949
816, 1286
817, 3753
818, 3309
818, 3753
818, 4326
819, 1790
820, 2068
820, 4959
821, 2006
821, 3087
821, 3349
822, 2772
823, 1552
824, 2553
826, 833
827, 3853
828, 1729
828, 3085
829, 1274
829, 4538
830, 3041
830, 3742
830, 4028
831, 1052
831, 3801
832, 1571
833, 4968
834, 2762
834, 3632
834, 4616
835, 2975
836, 2016
837, 2428
838, 3084
839, 3455
840, 4179
843, 4475
844, 2674
844, 3931
845, 1865
846, 4613
847, 1288
847, 1345
847, 1497
847, 1692
847, 2317
847, 3296
848, 2340
848, 4448
849, 4795
850, 1186
850, 3753
850, 4819
851, 1701
852, 3098
853, 3112
853, 4047
856, 1856
857, 3980
858, 4431
859, 1076
860, 1685
860, 3578
861, 1432
861, 3649
861, 3871
862, 3320
863, 2910
864, 4897
865, 3955
866, 1640
866, 3256
866, 3549
866, 3666
866, 4198
866, 4801
867, 3475
868, 1726
869, 1160
869, 2394
869, 3981
869, 4230
869, 4730
870, 1433
870, 4266
871, 3451
872, 1076
873, 4439
874, 1723
875, 3100
875, 4831
876, 1200
877, 1927
877, 2743
878, 4521
879, 4579
880, 2479
881, 3421
881, 3898
882, 1546
883, 1571
884, 2586
885, 1383
885, 1474
885, 1564
885, 1632
885, 1707
885, 1865
885, 2437
885, 2553
885, 2877
885, 3219
885, 3345
885, 3594
885, 3931
885, 4401
886, 1900
886, 3868
887, 1310
888, 1197
888, 1725
888, 4863
889, 2561
889, 3353
890, 3990
890, 4954
891, 4626
892, 4011
893, 2487
894, 2326
894, 2728
895, 3753
895, 4698
896, 2046
896, 2338
897, 1125
897, 4322
898, 3753
899, 4340
900, 2771
901, 2113
902, 3474
902, 4790
904, 2934
905, 2495
905, 3167
906, 2496
906, 3104
906, 3265
908, 3224
909, 1237
910, 2680
911, 1435
911, 2543
911, 3858
911, 3864
912, 2988
913, 4146
914, 4021
916, 4659
917, 1584
918, 1451
919, 1289
919, 2886
921, 3417
922, 1373
923, 2744
924, 3505
924, 3908
925, 2022
925, 4339
926, 4104
927, 3590
928, 1422
931, 2824
932, 2993
933, 3080
933, 4463
934, 1262
934, 4226
934, 4390
935, 1615
937, 4382
938, 4944
939, 4114
940, 4975
942, 2526
942, 3877
944, 1569
944, 4637
945, 2490
946, 1449
948, 1210
948, 3962
948, 4500
949, 1471
950, 1434
951, 2905
952, 2156
952, 2243
953, 1057
953, 2771
954, 2794
955, 1152
956, 3877
957, 1493
957, 4704
958, 2637
958, 3247
959, 1268
959, 2125
959, 4684
960, 2368
961, 2935
962, 1799
962, 2637
963, 1550
963, 2532
964, 4970
965, 1416
965, 2373
966, 1545
966, 1558
966, 1685
966, 1932
966, 2071
966, 4944
967, 4243
968, 1886
968, 3415
968, 4072
968, 4767
969, 2829
970, 1877
970, 2018
970, 2678
970, 2964
971, 1273
972, 1802
973, 3539
973, 3899
974, 1848
974, 2836
975, 2094
976, 1599
976, 1690
978, 1893
978, 3103
979, 1830
979, 3791
980, 3753
981, 1646
982, 1795
982, 2777
983, 1034
984, 1865
984, 4026
985, 2391
986, 2496
986, 3646
986, 4265
987, 4892
988, 2492
988, 2577
988, 3745
991, 2711
991, 4513
992, 2179
992, 2383
992, 3223
992, 3445
992, 4285
993, 2159
994, 3135
995, 1383
996, 2891
996, 4790
997, 3591
997, 3753
998, 3036
998, 3120
999, 1660
1000, 2707
1000, 2834
1000, 4204
1000, 4648
1001, 1512
1001, 3372
1002, 4221
1003, 1373
1004, 2006
1004, 2702
1005, 1546
1006, 1310
1007, 2123
1008, 1021
1008, 3199
1009, 4244
1010, 4120
1010, 4244
1011, 1194
1011, 4667
1012, 3372
1013, 1335
1013, 3184
1013, 4198
1014, 1753
1014, 2588
1015, 2779
1016, 3684
1017, 1259
1017, 1395
1018, 3118
1018, 4330
1019, 3753
1020, 1873
1020, 3603
1022, 4913
1023, 1619
1023, 3753
1024, 2796
1025, 3373
1025, 3982
1026, 1084
1026, 4869
1027, 4752
1028, 2588
1028, 4236
1029, 3478
1031, 2215
1033, 1087
1033, 3801
1033, 3900
1034, 1721
1034, 1770
1034, 2622
1034, 3391
1034, 4500
1034, 4921
1034, 4922
1034, 4950
1035, 3634
1036, 3787
1037, 1108
1037, 3423
1038, 3100
1039, 3237
1039, 4542
1040, 3971
1040, 4049
1040, 4588
1041, 1766
1042, 4475
1042, 4885
1043, 1796
1044, 4559
1046, 1714
1046, 3323
1046, 3513
1047, 3693
1048, 1389
1048, 2199
1048, 3668
1048, 4991
1049, 2007
1050, 4323
1051, 1815
1051, 3216
1052, 2771
1052, 4503
1053, 2603
1054, 2159
1055, 2711
1055, 4500
1056, 1990
1057, 2463
1057, 2680
1057, 4240
1058, 1596
1058, 4704
1059, 1609
1060, 1448
1061, 2029
1062, 2553
1062, 4891
1063, 2729
1064, 1315
1065, 2466
1066, 4383
1068, 2969
1068, 3482
1068, 4340
1069, 2069
1069, 3989
1070, 2705
1071, 1620
1072, 4663
1073, 1172
1073, 3607
1074, 3628
1075, 3801
1077, 1977
1077, 3441
1078, 1375
1079, 1908
1079, 2516
1079, 4723
1080, 4347
1081, 4118
1082, 3903
1083, 4236
1085, 1274
1085, 3680
1086, 4976
1087, 1497
1089, 2653
1090, 2458
1091, 2324
1092, 3245
1094, 2858
1095, 1723
1095, 2935
1095, 4458
1096, 1218
1096, 2465
1097, 3565
1098, 2934
1099, 2205
1099, 4620
1100, 1713
1100, 3655
1101, 1587
1101, 2014
1102, 2968
1102, 3679
1104, 3396
1105, 3566
1106, 2470
1108, 1113
1108, 1188
1108, 1278
1108, 1423
1108, 2339
1108, 2419
1108, 2420
1108, 2448
1108, 2523
1108, 2553
1108, 2601
1108, 2603
1108, 2694
1108, 3041
1108, 3356
1108, 3370
1108, 3497
1108, 4196
1108, 4300
1108, 4417
1108, 4858
1109, 2163
1109, 4675
1110, 4387
1111, 1829
1112, 2447
1114, 3098
1115, 1179
1116, 3015
1117, 1304
1117, 1690
1117, 2031
1117, 4322
1118, 4871
1119, 4388
1120, 1720
1121, 1310
1121, 1746
1123, 3206
1127, 1550
1127, 3535
1127, 4917
1128, 1216
1128, 1953
1129, 1689
1132, 3282
1132, 4818
1133, 4441
1135, 1231
1136, 2499
1137, 1604
1138, 1498
1138, 1852
1140, 2745
1140, 3348
1140, 4748
1141, 4141
1141, 4644
1143, 1982
1145, 2898
1146, 3538
1147, 4169
1147, 4493
1147, 4835
1148, 1531
1148, 4532
1149, 3225
1150, 1274
1151, 1601
1152, 3091
1155, 1355
1155, 3241
1155, 3388
1156, 3126
1157, 3045
1158, 4295
1159, 4226
1159, 4939
1161, 1573
1161, 3368
1162, 2915
1163, 2699
1163, 2884
1164, 4462
1166, 3555
1167, 4707
1168, 3753
1169, 3367
1169, 3699
1169, 4552
1170, 1349
1170, 3634
1171, 3856
1173, 1822
1173, 3486
1174, 3661
1175, 3972
1176, 2639
1176, 2657
1176, 3214
1177, 3931
1178, 1487
1178, 3928
1180, 1383
1181, 3928
1182, 3243
1183, 3381
1184, 2981
1185, 1865
1185, 4308
1187, 3220
1188, 1288
1188, 3753
1188, 4135
1188, 4886
1189, 3524
1190, 3638
1191, 1396
1191, 3928
1192, 4884
1193, 1389
1193, 2121
1193, 2638
1196, 1767
1196, 2927
1197, 1740
1197, 2056
1197, 3753
1198, 1493
1199, 4500
1201, 4686
1202, 2082
1202, 4552
1203, 3739
1204, 4023
1205, 4359
1206, 3972
1207, 3462
1208, 1279
1208, 2432
1208, 2963
1208, 3052
1208, 3518
1208, 3865
1208, 4952
1209, 4304
1209, 4442
1211, 3207
1212, 4421
1213, 1554
1213, 1851
1213, 3150
1213, 3238
1213, 3466
1213, 4865
1214, 1733
1214, 3362
1214, 3533
1215, 4150
1218, 4237
1219, 2026
1220, 3873
1221, 3911
1222, 2504
1223, 2903
1224, 1554
1225, 2085
1225, 4775
1225, 4830
1226, 2809
1227, 4919
1228, 2272
1229, 2603
1229, 4228
1229, 4759
1230, 3807
1230, 4321
1231, 2349
1232, 2222
1233, 2079
1233, 2147
1234, 1709
1235, 2297
1235, 4753
1238, 2066
1238, 2498
1238, 2698
1238, 3644
1238, 4108
1238, 4244
1238, 4705
1239, 3100
1240, 1846
1240, 2321
1241, 3931
1241, 4693
1242, 2965
1243, 2253
1244, 3478
1246, 3928
1246, 4594
1247, 3350
1248, 1746
1249, 1862
1249, 2022
1249, 4212
1251, 2119
1252, 1803
1254, 1468
1254, 2047
1255, 2159
1255, 2934
1255, 3793
1256, 2750
1256, 2936
1257, 1519
1257, 3004
1257, 3753
1257, 3828
1257, 3984
1258, 3422
1259, 3410
1260, 3458
1261, 4366
1262, 4185
1263, 1859
1263, 2741
1264, 3525
1265, 1843
1266, 3836
1267, 4157
1268, 1558
1268, 2323
1268, 4655
1270, 3595
1272, 3753
1273, 3030
1273, 3735
1274, 2188
1274, 2323
1274, 2889
1274, 2895
1274, 4399
1275, 2992
1276, 4074
1277, 1741
1280, 3242
1281, 4448
1282, 2132
1283, 4214
1284, 1919
1284, 4016
1285, 3063
1286, 3317
1289, 3139
1290, 2807
1290, 3535
1291, 2823
1291, 2830
1292, 3647
1292, 3924
1293, 2355
1294, 3966
1295, 1793
1296, 4613
1297, 1612
1298, 2041
1299, 4043
1300, 1310
1300, 2459
1300, 4833
1302, 4107
1303, 4208
1304, 1562
1304, 4030
1305, 2388
1306, 3564
1307, 1369
1307, 3904
1308, 2516
1309, 2039
1309, 2513
1309, 4293
1309, 4613
1310, 1416
1310, 1484
1310, 1744
1310, 1752
1310, 1987
1310, 2012
1310, 2190
1310, 2372
1310, 2406
1310, 2503
1310, 2518
1310, 2659
1310, 2719
1310, 2786
1310, 2848
1310, 3071
1310, 3217
1310, 3618
1310, 3753
1310, 3893
1310, 4184
1310, 4229
1310, 4337
1310, 4573
1310, 4603
1310, 4746
1310, 4972
1310, 4985
1311, 1823
1311, 2444
1312, 1377
1313, 1636
1313, 3354
1315, 3644
1318, 4293
1319, 2052
1319, 3634
1320, 3257
1321, 1720
1322, 3244
1322, 4651
1323, 1518
1323, 1865
1323, 2390
1323, 2718
1323, 2949
1323, 3423
1323, 3533
1323, 4175
1323, 4545
1323, 4574
1324, 3976
1326, 4129
1327, 4043
1328, 1722
1329, 2428
1330, 3613
1330, 3718
1331, 2227
1333, 4536
1334, 1773
1334, 3831
1334, 4552
1335, 1789
1335, 2320
1336, 4550
1337, 4545
1338, 1782
1338, 2537
1339, 4810
1339, 4936
1340, 3626
1341, 2788
1341, 3088
1342, 3928
1344, 1810
1344, 3530
1345, 1673
1345, 1825
1345, 3138
1346, 3089
1347, 4927
1348, 4617
1349, 4911
1350, 1771
1351, 2783
1352, 1944
1353, 1886
1353, 4648
1354, 1718
1356, 2587
1356, 3214
1357, 4245
1358, 2977
1359, 4936
1360, 2553
1361, 4116
1362, 4768
1363, 2828
1364, 4491
1365, 1903
1365, 2155
1366, 1528
1366, 4081
1367, 1640
1367, 2096
1367, 3972
1368, 2550
1369, 1658
1369, 2598
1369, 3632
1369, 3740
1371, 2968
1372, 1870
1373, 1681
1373, 1696
1373, 2123
1373, 2460
1373, 2717
1373, 2817
1373, 4136
1373, 4196
1373, 4358
1376, 4110
1378, 2053
1379, 3912
1380, 2256
1380, 2862
1380, 4442
1381, 4751
1382, 4952
1383, 1954
1383, 2405
1383, 2469
1383, 2493
1383, 2541
1383, 3031
1383, 3287
1383, 3456
1383, 3851
1383, 4086
1383, 4209
1383, 4352
1383, 4573
1383, 4713
1384, 3436
1385, 2017
1386, 1647
1387, 4172
1388, 1711
1388, 3772
1390, 3044
1390, 3208
1390, 3229
1390, 3439
1390, 4490
1390, 4870
1391, 2948
1392, 2109
1393, 2304
1394, 1685
1395, 1915
1395, 2904
1395, 2916
1395, 3889
1395, 4158
1396, 1610
1397, 2078
1397, 2709
1397, 2929
1398, 4743
1399, 1994
1399, 2663
1399, 3536
1399, 4583
1400, 1525
1400, 2283
1400, 3175
1400, 4051
1401, 2699
1403, 2598
1404, 1581
1405, 1595
1405, 2167
1405, 4992
1406, 3636
1407, 2517
1408, 2497
1408, 3132
1409, 1865
1409, 2431
1410, 1803
1410, 4586
1411, 2773
1412, 1464
1412, 2905
1413, 4297
1415, 4311
1415, 4768
1416, 2140
1417, 3584
1418, 2415
1420, 3753
1424, 4207
1425, 4613
1427, 2253
1428, 3753
1429, 3882
1429, 4043
1430, 4563
1431, 3753
1432, 2774
1433, 1561
1433, 1767
1433, 4693
1434, 2263
1435, 3815
1437, 2553
1442, 4921
1442, 4980
1443, 2509
1443, 3782
1443, 4970
1444, 2230
1445, 1909
1446, 2471
1447, 2231
1447, 2553
1448, 1865
1448, 3128
1449, 2286
1449, 4909
1450, 1555
1452, 4145
1453, 1939
1454, 1494
1454, 1880
1454, 2472
1455, 1621
1455, 4697
1458, 1998
1458, 2117
1459, 3465
1460, 2027
1461, 4591
1462, 2027
1463, 2174
1463, 4201
1464, 2161
1464, 2492
1464, 3283
1464, 3726
1465, 1534
1466, 2384
1467, 3759
1468, 3284
1469, 1793
1469, 2637
1469, 2934
1470, 3676
1471, 4261
1472, 3359
1474, 4302
1475, 3187
1476, 3689
1477, 3194
1478, 1898
1479, 4521
1480, 1591
1480, 3694
1481, 3812
1483, 2014
1484, 2342
1485, 1865
1485, 4371
1486, 3729
1486, 4438
1488, 4500
1489, 4444
1490, 2594
1491, 3845
1492, 2311
1493, 2539
1493, 2819
1496, 3057
1498, 1779
1498, 3148
1498, 3314
1498, 4667
1499, 3132
1500, 3972
1501, 4312
1502, 4916
1505, 1546
1508, 3177
1509, 4326
1510, 2553
1513, 4613
1514, 3842
1515, 4958
1516, 2308
1516, 4745
1517, 4466
1519, 2077
1519, 3219
1519, 3843
1520, 2532
1521, 3992
1522, 3496
1522, 3734
1522, 3928
1522, 4812
1523, 2141
1524, 1708
1525, 1827
1525, 2611
1525, 3753
1525, 3945
1525, 4156
1525, 4654
1526, 2656
1527, 2553
1528, 3028
1528, 3854
1528, 3972
1528, 4077
1530, 4970
1533, 4380
1535, 4047
1536, 4044
1537, 2164
1537, 4469
1538, 2641
1538, 3079
1539, 1551
1539, 4699
1540, 3364
1540, 3657
1541, 2943
1541, 4215
1542, 2209
1542, 3520
1543, 1786
1543, 2553
1543, 2835
1544, 3044
1546, 1797
1546, 1828
1546, 1943
1546, 2055
1546, 2185
1546, 2210
1546, 2275
1546, 2485
1546, 2869
1546, 3050
1546, 3065
1546, 3299
1546, 3308
1546, 3377
1546, 3684
1546, 3743
1546, 3801
1546, 4205
1546, 4895
1547, 2553
1548, 1638
1549, 3392
1551, 1865
1551, 2041
1551, 3155
1551, 3511
1551, 3697
1551, 3753
1551, 4094
1552, 2697
1553, 4176
1557, 3780
1558, 2505
1559, 2671
1560, 3320
1560, 3814
1560, 4500
1561, 1721
1561, 4872
1563, 4370
1564, 2015
1564, 2553
1564, 4174
1564, 4222
1564, 4373
1565, 2117
1566, 2326
1566, 2881
1567, 2707
1569, 3377
1569, 3655
1569, 4657
1570, 4818
1571, 3018
1574, 2252
1575, 2006
1575, 2097
1575, 2545
1575, 3886
1575, 4442
1576, 2229
1577, 3315
1578, 2108
1578, 4751
1579, 3175
1579, 3701
1579, 4415
1580, 2058
1582, 2241
1582, 2359
1583, 2146
1583, 4782
1584, 2836
1585, 4807
1586, 2784
1586, 3732
1586, 4384
1588, 1638
1588, 1760
1588, 2815
1588, 3394
1588, 3532
1588, 3756
1588, 3783
1588, 3852
1588, 4762
1589, 2957
1590, 2511
1592, 3753
1592, 4540
1593, 2054
1593, 2664
1593, 2771
1593, 3614
1594, 2142
1597, 2219
1597, 4697
1598, 4207
1600, 3191
1600, 4118
1603, 2248
1604, 2024
1604, 3571
1605, 3175
1606, 4455
1608, 3593
1609, 3021
1611, 2623
1611, 4567
1614, 4367
1615, 2067
1616, 2929
1616, 3342
1617, 4380
1618, 1832
1618, 4282
1621, 1723
1621, 2256
1621, 4236
1621, 4435
1621, 4446
1622, 4043
1622, 4454
1623, 3736
1624, 1886
1624, 1923
1625, 4567
1626, 1969
1627, 3790
1628, 2284
1629, 4326
1630, 1811
1631, 2466
1633, 4678
1634, 4186
1635, 1762
1635, 4286
1636, 2875
1636, 3690
1636, 4449
1637, 2893
1637, 3776
1638, 3341
1640, 2309
1640, 3343
1640, 3424
1642, 3032
1644, 3987
1644, 4187
1645, 1656
1646, 2591
1647, 2458
1647, 3141
1647, 4098
1648, 1671
1650, 2553
1651, 4901
1652, 1860
1653, 4532
1654, 4019
1656, 2137
1657, 2232
1657, 2282
1657, 3191
1657, 3245
1658, 1862
1659, 1979
1659, 4032
1662, 1885
1663, 2327
1663, 4866
1664, 2115
1664, 3871
1666, 2216
1667, 4139
1668, 1988
1669, 1685
1670, 2220
1670, 2771
1672, 4424
1674, 3745
1674, 4643
1675, 2771
1676, 3144
1677, 3798
1678, 3687
1680, 1860
1682, 4979
1683, 2553
1684, 3977
1685, 1961
1685, 2553
1685, 2804
1685, 2965
1685, 3666
1685, 3753
1685, 4408
1686, 2531
1686, 3054
1686, 3324
1688, 1889
1690, 1738
1690, 3850
1690, 3863
1690, 4394
1692, 2553
1695, 2089
1697, 3234
1698, 3655
1705, 2416
1705, 2733
1705, 2943
1706, 4249
1707, 2474
1707, 4372
1708, 4319
1709, 1843
1709, 1891
1713, 2667
1715, 4316
1716, 3931
1717, 2114
1717, 4404
1719, 3260
1720, 2882
1721, 2238
1721, 4328
1722, 3729
1723, 1794
1723, 1843
1723, 2068
1723, 2247
1723, 2461
1723, 2603
1723, 2943
1723, 2948
1723, 3316
1723, 3782
1723, 3857
1723, 3931
1723, 4224
1723, 4270
1723, 4345
1723, 4785
1724, 2925
1725, 2681
1726, 4460
1727, 2457
1730, 3614
1731, 2671
1731, 4217
1732, 1896
1732, 2771
1732, 3061
1732, 3672
1732, 4846
1733, 2060
1734, 3503
1735, 3895
1736, 4521
1736, 4846
1739, 1908
1739, 2326
1739, 2971
1739, 3051
1740, 2959
1740, 3422
1740, 3540
1740, 4075
1740, 4688
1740, 4904
1742, 3764
1745, 2773
1745, 3696
1747, 1879
1747, 4326
1748, 2976
1749, 3465
1750, 2675
1751, 4858
1754, 1853
1754, 2763
1755, 2253
1755, 2280
1756, 3604
1757, 3424
1758, 2326
1759, 2122
1759, 2622
1761, 4512
1762, 2787
1763, 4359
1764, 4186
1765, 3693
1765, 3994
1766, 1887
1766, 1951
1766, 2006
1766, 2484
1766, 3370
1766, 3554
1766, 3706
1766, 4156
1767, 2520
1767, 3644
1767, 4899
1768, 1989
1768, 4120
1769, 1803
1769, 4919
1770, 3117
1771, 1968
1771, 4678
1772, 2544
1773, 4034
1775, 2611
1775, 4333
1776, 3972
1777, 4751
1778, 2813
1779, 3456
1780, 3259
1781, 2742
1783, 2553
1783, 3193
1784, 4269
1785, 2553
1785, 4751
1788, 3011
1790, 3753
1792, 3368
1792, 3729
1794, 4260
1796, 2470
1797, 2781
1797, 3333
1797, 4368
1797, 4725
1798, 3968
1799, 3915
1801, 2935
1803, 3515
1804, 4838
1805, 4448
1806, 4075
1807, 2034
1808, 4797
1809, 3644
1811, 4763
1812, 2282
1812, 2692
1812, 2875
1812, 4090
1813, 4420
1814, 2575
1815, 1911
1816, 4521
1817, 2547
1819, 2549
1820, 2572
1821, 3293
1821, 4957
1823, 2476
1823, 2782
1824, 2130
1824, 4105
1824, 4231
1824, 4717
1825, 3263
1825, 4135
1829, 4508
1830, 2784
1831, 3430
1831, 4383
1833, 3551
1834, 4422
1835, 4197
1836, 4513
1837, 3819
1837, 4022
1839, 3753
1839, 3833
1842, 4063
1843, 2553
1843, 2802
1843, 3100
1843, 3259
1843, 3268
1843, 4271
1843, 4954
1844, 2680
1845, 3655
1846, 1871
1846, 4762
1847, 1906
1847, 3952
1848, 3565
1848, 4149
1849, 4802
1850, 3768
1850, 4708
1851, 1858
1854, 3687
1854, 4193
1855, 1985
1858, 4582
1860, 2429
1860, 2816
1861, 4753
1861, 4756
1863, 1948
1864, 3619
1864, 4493
1865, 2115
1865, 2265
1865, 2396
1865, 2499
1865, 2562
1865, 2574
1865, 2662
1865, 3178
1865, 3236
1865, 3326
1865, 3469
1865, 3644
1865, 3972
1865, 4942
1866, 4982
1868, 4306
1869, 2845
1874, 2776
1874, 3230
1875, 2875
1875, 3085
1875, 3699
1876, 2360
1876, 3276
1876, 3341
1876, 3605
1878, 2862
1879, 4658
1880, 2831
1881, 1992
1882, 3753
1883, 2759
1884, 4590
1884, 4622
1885, 2508
1886, 2467
1886, 3045
1886, 3666
1886, 3746
1886, 3766
1886, 3839
1887, 2400
1888, 4198
1889, 4733
1891, 4230
1892, 2612
1892, 2894
1894, 2913
1895, 4770
1896, 2256
1897, 3909
1899, 3687
1899, 4186
1901, 3898
1901, 4035
1902, 4107
1903, 4751
1904, 3251
1905, 1965
1906, 4685
1907, 4186
1907, 4637
1908, 3957
1908, 4286
1909, 4506
1910, 3673
1912, 3634
1915, 4679
1916, 3634
1917, 2644
1918, 2006
1919, 3392
1920, 2644
1920, 2856
1921, 4184
1922, 4965
1923, 3936
1924, 4635
1925, 4920
1926, 2568
1926, 3753
1928, 2605
1929, 4315
1930, 4045
1931, 1935
1931, 3844
1933, 3633
1934, 3722
1936, 2994
1937, 3454
1938, 3358
1939, 2093
1940, 2420
1941, 3949
1941, 4627
1942, 2385
1945, 2161
1945, 4143
1946, 1955
1948, 1982
1948, 2960
1949, 2553
1950, 3931
1951, 3117
1952, 2553
1952, 2811
1953, 3185
1953, 3346
1954, 3193
1954, 3596
1956, 4234
1957, 3753
1958, 2038
1961, 2172
1961, 2607
1961, 3762
1961, 4461
1961, 4942
1962, 2363
1963, 2392
1964, 4900
1965, 2383
1966, 3045
1968, 4658
1971, 2262
1971, 3898
1973, 4146
1973, 4305
1973, 4326
1973, 4526
1973, 4660
1973, 4888
1973, 4943
1974, 2798
1975, 2456
1975, 3158
1977, 3154
1977, 4587
1978, 3359
1979, 4181
1980, 2840
1982, 4138
1983, 2419
1984, 4644
1985, 2231
1985, 2324
1986, 4692
1987, 2021
1990, 4283
1991, 3545
1991, 4635
1993, 2696
1995, 4331
1996, 4869
1997, 4837
1999, 2359
1999, 3947
2000, 3535
2001, 4111
2002, 2603
2002, 3931
2003, 2991
2004, 2642
2005, 2271
2006, 2821
2007, 4247
2008, 2270
2008, 4820
2009, 4880
2010, 3784
2011, 2187
2013, 2712
2013, 4473
2015, 4265
2017, 3044
2019, 4367
2023, 2182
2023, 2996
2023, 4421
2023, 4819
2024, 3922
2025, 2253
2025, 3411
2026, 3061
2027, 2148
2027, 2660
2027, 2953
2027, 3644
2028, 4412
2028, 4663
2030, 3753
2032, 2267
2034, 4497
2036, 3543
2039, 3293
2040, 4673
2041, 3653
2042, 3008
2042, 4015
2044, 3658
2048, 2951
2049, 3684
2050, 3365
2051, 2157
2052, 2303
2052, 3259
2053, 3906
2054, 4519
2057, 4058
2058, 3153
2059, 4433
2061, 2256
2062, 4060
2063, 2855
2064, 2900
2067, 4830
2070, 3619
2072, 3635
2073, 4751
2074, 2996
2074, 4850
2075, 2699
2078, 2224
2079, 2935
2082, 4364
2083, 2094
2084, 3210
2084, 3753
2085, 2952
2085, 3346
2085, 3958
2085, 4202
2085, 4958
2086, 2923
2086, 4687
2087, 3309
2087, 3651
2087, 4637
2089, 4561
2090, 4385
2091, 4304
2092, 4055
2095, 2683
2095, 3094
2095, 4168
2098, 4439
2099, 3650
2100, 2486
2101, 2234
2102, 4943
2103, 2896
2103, 2991
2103, 4696
2105, 3443
2106, 2516
2106, 3805
2108, 3577
2110, 2689
2110, 2809
2112, 4195
2115, 3677
2115, 4233
2116, 3338
2116, 4918
2118, 2311
2119, 2747
2119, 2896
2119, 4278
2120, 2722
2121, 2374
2124, 3911
2124, 3995
2126, 2582
2126, 3422
2127, 3357
2127, 4283
2128, 4459
2130, 2637
2131, 3170
2133, 3946
2133, 4057
2134, 2554
2135, 2986
2135, 3039
2136, 3926
2136, 4029
2137, 2771
2138, 3100
2139, 3565
2139, 3639
2141, 3125
2143, 3739
2145, 2277
2145, 4648
2146, 3085
2148, 4930
2149, 4268
2150, 2297
2150, 3603
2151, 2333
2152, 3729
2153, 3972
2153, 4878
2154, 2660
2154, 2774
2156, 2553
2157, 4951
2158, 3624
2159, 3575
2159, 3732
2159, 4184
2159, 4934
2160, 4058
2160, 4635
2161, 2442
2161, 2702
2161, 4870
2162, 2626
2163, 3080
2166, 2291
2167, 4719
2168, 3080
2168, 4126
2169, 4635
2171, 2553
2173, 2885
2175, 3271
2175, 4963
2176, 2682
2177, 2677
2177, 4751
2178, 4351
2180, 4194
2181, 4849
2182, 2292
2182, 3048
2182, 3405
2182, 3424
2182, 3884
2182, 4614
2183, 3329
2184, 3775
2186, 3085
2186, 3972
2188, 3974
2189, 4810
2190, 2762
2191, 3617
2192, 3670
2193, 2419
2193, 4677
2194, 3940
2195, 4081
2197, 4145
2198, 2657
2199, 3880
2199, 4667
2200, 3170
2200, 3294
2200, 3857
2200, 3993
2200, 4427
2200, 4544
2201, 3442
2202, 3803
2202, 4730
2204, 2660
2204, 4139
2204, 4600
2206, 2977
2207, 4263
2208, 2314
2210, 4521
2211, 3867
2213, 2769
2214, 4569
2215, 4989
2216, 4307
2218, 3272
2221, 4578
2222, 3285
2223, 4118
2225, 4498
2226, 4984
2228, 3815
2228, 4352
2233, 3266
2233, 4500
2235, 2840
2236, 3095
2236, 4118
2237, 3808
2238, 2522
2238, 2573
2238, 3164
2239, 3165
2240, 2376
2240, 2463
2242, 3585
2243, 4634
2244, 3761
2245, 4409
2246, 2723
2247, 4663
2250, 2571
2251, 4565
2253, 2553
2253, 4203
2254, 2326
2254, 3385
2255, 2553
2256, 3100
2256, 3412
2258, 3076
2258, 4514
2259, 3548
2259, 3655
2260, 3298
2264, 2376
2264, 2725
2264, 3896
2266, 4635
2267, 3312
2267, 3960
2268, 2352
2269, 3921
2269, 4521
2270, 2629
2271, 3503
2271, 4295
2272, 2636
2273, 3564
2274, 3608
2274, 4537
2275, 4837
2276, 4301
2277, 2301
2278, 4118
2280, 2397
2285, 3070
2287, 4781
2289, 3925
2290, 3643
2291, 2380
2291, 3767
2291, 4099
2292, 3040
2292, 4742
2292, 4890
2294, 2480
2295, 3059
2295, 3237
2296, 4165
2297, 3039
2298, 3250
2299, 4341
2300, 2879
2301, 2774
2301, 4357
2301, 4448
2301, 4621
2302, 3563
2304, 2553
2304, 2924
2304, 3883
2305, 3753
2306, 2974
2307, 4838
2310, 2553
2310, 2892
2313, 3196
2316, 4980
2318, 3931
2319, 3856
2319, 3972
2320, 3889
2322, 2553
2322, 3753
2323, 3576
2323, 4877
2325, 2636
2326, 2353
2326, 2670
2326, 3389
2326, 3455
2326, 3753
2326, 4521
2326, 4635
2326, 4820
2326, 4828
2326, 4933
2327, 3850
2328, 4481
2329, 4843
2330, 3171
2331, 3311
2332, 2671
2333, 3382
2334, 2721
2334, 3814
2334, 4096
2334, 4150
2334, 4376
2337, 4380
2338, 4822
2339, 2810
2340, 4346
2341, 3371
2343, 2365
2343, 2454
2343, 2654
2344, 2516
2344, 3558
2345, 3874
2346, 4681
2347, 2451
2347, 3073
2348, 4840
2349, 2785
2349, 2821
2349, 3099
2349, 4209
2350, 3523
2351, 2596
2351, 3988
2354, 3541
2356, 4532
2357, 3364
2357, 4895
2358, 2827
2362, 3965
2363, 3898
2364, 4861
2366, 3254
2367, 3271
2367, 3349
2368, 3589
2369, 4612
2370, 3866
2371, 3376
2373, 3753
2374, 4362
2376, 3902
2377, 2890
2378, 4100
2379, 4191
2380, 4651
2381, 2786
2382, 3728
2382, 4859
2384, 3968
2386, 2584
2387, 2463
2389, 3554
2391, 4691
2393, 3476
2394, 3949
2395, 3640
2395, 4424
2396, 4190
2397, 4868
2398, 3442
2399, 3423
2402, 3390
2403, 2646
2404, 2724
2406, 3490
2407, 4787
2408, 3753
2409, 3204
2409, 3554
2409, 4746
2410, 4856
2411, 2484
2413, 4250
2414, 3932
2417, 3508
2418, 4126
2419, 3969
2419, 4822
2421, 2625
2421, 3599
2422, 2962
2425, 4185
2426, 3156
2427, 4755
2430, 2686
2433, 2938
2434, 4613
2435, 2869
2436, 3297
2436, 3333
2438, 3125
2439, 4751
2440, 4869
2441, 3853
2442, 3822
2443, 3801
2444, 4916
2446, 3398
2447, 3548
2447, 4262
2449, 3550
2449, 3778
2450, 2982
2452, 3078
2452, 4118
2452, 4771
2453, 2920
2455, 4953
2456, 3112
2456, 3238
2456, 3325
2457, 2721
2457, 4137
2458, 4902
2463, 2651
2463, 2665
2465, 3213
2466, 3608
2466, 3997
2466, 4178
2466, 4230
2466, 4556
2466, 4834
2468, 2933
2468, 4649
2469, 4339
2470, 2808
2470, 3535
2472, 4522
2473, 4700
2475, 2896
2477, 4207
2478, 3957
2481, 4271
2482, 3189
2483, 3010
2483, 3017
2483, 3655
2483, 4485
2486, 2553
2486, 4383
2489, 4080
2490, 2540
2491, 4571
2495, 4131
2495, 4776
2497, 2978
2500, 3793
2501, 3634
2501, 4117
2502, 2698
2502, 3623
2503, 3460
2503, 4780
2506, 4557
2507, 3165
2508, 3553
2510, 3020
2510, 4648
2511, 2561
2512, 4468
2513, 3425
2514, 2593
2514, 3753
2515, 3944
2516, 2553
2516, 2735
2516, 2762
2516, 3273
2516, 3474
2516, 3931
2516, 3992
2516, 4072
2516, 4649
2517, 3309
2518, 4486
2521, 4127
2523, 3103
2523, 3204
2523, 3372
2523, 3676
2525, 4396
2527, 4876
2528, 3469
2528, 4955
2529, 3753
2531, 4602
2533, 3977
2535, 4126
2536, 4872
2538, 4797
2540, 3512
2542, 3527
2543, 2941
2546, 3275
2546, 3773
2546, 4144
2547, 2914
2547, 2935
2547, 3430
2547, 3753
2547, 4168
2547, 4251
2547, 4402
2548, 4778
2549, 2961
2549, 3652
2551, 3208
2552, 4236
2553, 2558
2553, 2563
2553, 2566
2553, 2645
2553, 2749
2553, 2789
2553, 2799
2553, 2803
2553, 2812
2553, 2871
2553, 2898
2553, 2951
2553, 2995
2553, 3007
2553, 3450
2553, 3528
2553, 3535
2553, 3613
2553, 3744
2553, 3753
2553, 3760
2553, 3957
2553, 3996
2553, 4027
2553, 4069
2553, 4084
2553, 4130
2553, 4457
2553, 4463
2553, 4524
2553, 4755
2553, 4823
2553, 4826
2553, 4842
2553, 4943
2553, 4964
2554, 2566
2554, 4597
2555, 3573
2556, 4524
2557, 3968
2558, 3332
2558, 4043
2559, 2624
2560, 2719
2561, 3804
2561, 4228
2564, 4338
2565, 2608
2566, 3001
2566, 3280
2567, 4156
2568, 4003
2569, 2771
2570, 2800
2570, 4720
2571, 4061
2571, 4843
2576, 2676
2578, 3365
2579, 2615
2580, 3953
2581, 3389
2581, 3397
2581, 3448
2581, 3499
2581, 3584
2582, 3655
2583, 4442
2584, 3186
2590, 2742
2592, 2872
2592, 3390
2594, 4244
2595, 3535
2597, 2714
2598, 3551
2599, 4829
2600, 2973
2601, 3105
2602, 2993
2603, 3968
2604, 4058
2605, 3753
2606, 3890
2607, 2960
2607, 3598
2608, 3495
2609, 3114
2611, 2970
2611, 3928
2611, 4113
2611, 4489
2611, 4612
2611, 4793
2612, 4670
2614, 3471
2614, 3940
2617, 3523
2618, 4183
2619, 3623
2620, 3163
2621, 4361
2622, 3053
2622, 3736
2624, 4978
2625, 2985
2627, 3928
2628, 3753
2628, 4230
2630, 3519
2632, 3147
2633, 4977
2634, 3676
2635, 4764
2637, 3254
2637, 3685
2637, 4276
2638, 3968
2640, 3173
2641, 3700
2644, 3289
2644, 3383
2647, 4495
2649, 3085
2649, 4097
2650, 2897
2654, 3659
2655, 3124
2655, 3848
2656, 3219
2658, 3979
2660, 2868
2660, 2956
2660, 3034
2660, 3100
2660, 3122
2660, 3459
2660, 3592
2660, 3752
2660, 3931
2660, 4025
2660, 4118
2660, 4386
2660, 4725
2660, 4984
2666, 2783
2668, 4704
2671, 3384
2671, 4633
2672, 2889
2678, 4326
2680, 4198
2680, 4729
2684, 3302
2684, 4521
2685, 3795
2686, 3757
2686, 4236
2686, 4442
2688, 3308
2688, 3400
2690, 3175
2691, 3753
2695, 4927
2696, 2951
2697, 4004
2698, 4170
2698, 4408
2700, 2983
2700, 4050
2700, 4296
2702, 4203
2704, 3758
2704, 3885
2704, 4451
2706, 4869
2708, 4619
2709, 3011
2710, 3278
2712, 3261
2713, 3753
2714, 3968
2715, 3923
2716, 4555
2717, 3109
2717, 3165
2717, 3343
2717, 4921
2719, 3039
2720, 4991
2721, 4598
2721, 4693
2721, 4721
2723, 4000
2724, 3614
2726, 3438
2727, 4412
2728, 4776
2729, 3735
2730, 4514
2731, 4584
2734, 4479
2735, 2781
2735, 3807
2735, 4385
2735, 4798
2736, 3783
2738, 4142
2739, 3801
2740, 4298
2742, 3635
2744, 3829
2745, 3535
2746, 3069
2748, 3416
2750, 3928
2751, 4656
2752, 3380
2753, 4577
2754, 4372
2755, 4214
2756, 3756
2758, 4212
2760, 2967
2761, 4970
2762, 2856
2762, 3542
2762, 3753
2765, 3918
2767, 4791
2768, 4231
2769, 4405
2771, 3765
2771, 4546
2771, 4662
2771, 4845
2771, 4969
2773, 4903
2774, 3249
2775, 2857
2778, 4589
2781, 3753
2782, 3004
2784, 3300
2786, 4290
2787, 3726
2787, 4015
2787, 4540
2790, 2918
2791, 4759
2792, 4482
2793, 3570
2795, 4198
2800, 4239
2801, 3611
2804, 3440
2806, 3994
2807, 3753
2810, 2937
2813, 4613
2813, 4652
2814, 4198
2815, 4617
2816, 2870
2816, 3755
2816, 4704
2817, 3130
2818, 3478
2819, 2902
2820, 3922
2821, 4500
2822, 4601
2824, 3745
2825, 3419
2825, 3455
2827, 4320
2832, 3572
2833, 3726
2835, 3928
2837, 3666
2838, 3753
2839, 4117
2840, 3590
2842, 4209
2843, 3137
2845, 3858
2847, 4706
2848, 3288
2849, 3270
2850, 4576
2852, 3892
2854, 4545
2855, 3666
2855, 4484
2856, 3102
2858, 4984
2859, 3546
2860, 3729
2861, 3414
2862, 3161
2862, 3200
2863, 3246
2864, 4536
2865, 3753
2865, 4818
2866, 4216
2867, 4796
2868, 4767
2869, 4535
2870, 3349
2872, 3718
2873, 2966
2874, 3317
2876, 3535
2877, 3754
2880, 3785
2883, 4361
2884, 3411
2884, 4813
2887, 3249
2887, 3963
2893, 3530
2893, 4290
2896, 4056
2899, 3941
2900, 4870
2901, 3479
2905, 2919
2905, 3108
2905, 4234
2905, 4410
2905, 4462
2905, 4613
2905, 4709
2905, 4750
2906, 4499
2907, 4671
2909, 3912
2911, 3434
2912, 4897
2917, 4430
2918, 4418
2921, 3753
2921, 4082
2922, 4521
2926, 3406
2926, 3424
2927, 3062
2928, 3174
2929, 3634
2929, 4672
2931, 4392
2934, 3717
2934, 3727
2935, 3529
2935, 4442
2935, 4501
2938, 4015
2939, 3232
2940, 3539
2942, 3964
2942, 4552
2943, 3796
2944, 4645
2945, 3994
2947, 3261
2950, 3379
2951, 3666
2951, 3753
2951, 4592
2951, 4693
2951, 4853
2952, 3655
2954, 4521
2955, 4326
2956, 4935
2966, 3753
2969, 3634
2969, 3675
2971, 3511
2972, 3879
2976, 4223
2979, 3422
2980, 3131
2980, 4122
2980, 4132
2984, 3630
2985, 3676
2986, 4998
2987, 4511
2989, 2999
2990, 4326
2998, 4999
3000, 4349
3002, 3132
3003, 3753
3004, 3975
3004, 4347
3004, 4615
3006, 4772
3011, 3568
3011, 4326
3014, 4441
3015, 4043
3016, 4332
3019, 4953
3021, 4033
3021, 4112
3022, 3753
3024, 3112
3026, 3600
3027, 3134
3029, 3753
3030, 4353
3033, 4560
3035, 4521
3036, 4422
3037, 3645
3038, 3435
3039, 3565
3039, 3875
3040, 3789
3041, 4099
3043, 3931
3043, 4128
3044, 4136
3045, 3903
3045, 4604
3046, 4326
3046, 4439
3047, 3932
3047, 4393
3049, 4913
3051, 4630
3055, 4456
3057, 4836
3058, 4160
3060, 3264
3060, 3753
3061, 3538
3061, 3612
3061, 4106
3061, 4273
3061, 4761
3065, 4521
3065, 4858
3066, 4412
3067, 4079
3068, 4803
3070, 4492
3072, 4218
3075, 3443
3077, 4005
3082, 3359
3083, 3796
3084, 3487
3085, 4804
3085, 4840
3086, 3634
3089, 3797
3090, 3112
3090, 3753
3091, 4521
3093, 4748
3093, 4991
3094, 4906
3095, 3105
3095, 3503
3095, 4291
3095, 4584
3096, 3423
3097, 4043
3098, 4504
3100, 3245
3100, 3251
3100, 3537
3100, 3695
3100, 4073
3100, 4381
3100, 4923
3101, 4169
3101, 4521
3107, 3736
3109, 3197
3111, 3599
3113, 4610
3115, 4820
3118, 4566
3119, 4695
3120, 4512
3121, 4959
3123, 3514
3123, 3817
3125, 4149
3125, 4854
3127, 3670
3127, 4202
3130, 4258
3133, 4492
3134, 3682
3136, 3661
3137, 4427
3142, 3951
3145, 3226
3146, 3489
3146, 3968
3146, 4731
3147, 3516
3147, 3885
3148, 3749
3149, 3578
3151, 4244
3153, 4480
3154, 3708
3154, 4541
3156, 3428
3157, 4820
3160, 3738
3162, 4366
3168, 3729
3169, 4247
3170, 3376
3170, 3739
3170, 4613
3175, 3753
3175, 4538
3175, 4758
3176, 4689
3177, 3519
3181, 3274
3182, 3731
3186, 4667
3187, 3916
3188, 4436
3190, 3625
3191, 4121
3192, 4148
3193, 3650
3195, 4860
3201, 4177
3202, 4236
3204, 3832
3208, 3478
3208, 3997
3208, 4897
3209, 4848
3211, 4943
3212, 3733
3212, 4001
3214, 3690
3214, 4189
3215, 3327
3216, 4248
3216, 4521
3218, 3753
3218, 4510
3218, 4859
3221, 4448
3222, 3753
3227, 4358
3227, 4383
3228, 4987
3229, 3565
3231, 4213
3233, 3449
3233, 3835
3235, 3313
3235, 3416
3235, 4917
3238, 3423
3238, 4488
3238, 4795
3239, 3394
3240, 3681
3242, 3434
3244, 3656
3246, 3720
3247, 4665
3248, 4168
3250, 4630
3251, 3554
3252, 4570
3253, 4988
3256, 4640
3257, 4188
3258, 4168
3260, 3784
3262, 4910
3264, 3898
3264, 4776
3267, 3535
3267, 3594
3267, 3664
3268, 3901
3271, 4731
3273, 4718
3274, 4053
3277, 3792
3279, 3389
3281, 4700
3286, 4403
3287, 3523
3287, 3695
3290, 3946
3291, 4166
3291, 4879
3292, 3396
3297, 3931
3303, 3882
3304, 3717
3305, 3898
3309, 4753
3310, 4930
3314, 3424
3315, 4817
3316, 4856
3316, 4858
3318, 3545
3318, 3753
3319, 4849
3328, 3930
3330, 3902
3330, 4066
3330, 4692
3332, 4311
3335, 3768
3335, 4645
3336, 4186
3337, 4244
3339, 3905
3340, 3360
3344, 4348
3347, 3549
3347, 3693
3349, 3931
3349, 4476
3350, 3478
3352, 4148
3352, 4678
3355, 3503
3359, 3713
3359, 4239
3359, 4578
3359, 4677
3360, 3509
3361, 4737
3362, 3486
3363, 4715
3365, 4860
3366, 4085
3368, 4139
3368, 4746
3368, 4921
3369, 3597
3371, 3801
3372, 4147
3372, 4460
3376, 4472
3382, 3931
3385, 4151
3386, 4098
3386, 4728
3387, 3599
3389, 3629
3389, 3753
3395, 4766
3399, 3510
3399, 4308
3400, 4305
3400, 4971
3401, 3417
3402, 3957
3404, 4381
3407, 3468
3408, 4784
3410, 4681
3413, 3931
3413, 4168
3414, 3473
3414, 4685
3415, 4710
3419, 4048
3420, 4226
3420, 4483
3421, 3835
3423, 3687
3425, 3729
3425, 3753
3426, 3835
3428, 3931
3428, 4916
3429, 4629
3430, 4937
3431, 3444
3432, 4411
3432, 4985
3436, 4477
3437, 3773
3445, 4932
3446, 3651
3451, 3621
3451, 3753
3451, 3801
3453, 4625
3454, 4562
3455, 3498
3456, 4238
3456, 4743
3457, 4372
3461, 3655
3462, 4709
3464, 3939
3466, 4212
3467, 3810
3472, 4753
3475, 3645
3475, 4421
3477, 4272
3477, 4613
3478, 3569
3478, 3940
3478, 4731
3480, 3563
3481, 4039
3481, 4628
3484, 4554
3488, 4313
3491, 4359
3492, 3817
3493, 4235
3494, 4785
3500, 3893
3502, 3811
3503, 3600
3503, 3825
3503, 4703
3503, 4760
3506, 3613
3509, 4820
3510, 3665
3512, 3820
3512, 3995
3514, 4664
3514, 4816
3517, 3722
3518, 4551
3520, 4282
3521, 4544
3522, 3719
3523, 4600
3524, 4609
3525, 4675
3526, 3681
3530, 3975
3531, 3913
3532, 3753
3535, 3692
3535, 4947
3537, 4957
3547, 3967
3548, 3785
3552, 4230
3556, 3618
3557, 3898
3558, 3561
3558, 4677
3559, 4090
3560, 3648
3562, 3753
3563, 3828
3563, 4254
3563, 4321
3563, 4613
3564, 4849
3567, 4296
3568, 3854
3568, 4839
3572, 3725
3574, 4452
3577, 4528
3579, 3986
3581, 3885
3582, 4533
3585, 4718
3586, 4856
3591, 3724
3596, 4020
3601, 3687
3602, 4428
3605, 3779
3606, 4506
3609, 3671
3610, 3753
3611, 4553
3615, 3753
3616, 3753
3616, 4820
3619, 4545
3620, 4419
3620, 4646
3620, 4969
3621, 3824
3621, 4318
3625, 4521
3626, 4392
3627, 3718
3627, 4702
3629, 3753
3629, 4153
3629, 4390
3631, 4133
3633, 3931
3634, 3683
3634, 4125
3634, 4680
3634, 4848
3644, 3823
3644, 4354
3644, 4993
3645, 3666
3645, 4105
3645, 4168
3645, 4363
3645, 4459
3649, 4725
3650, 3730
3652, 4598
3652, 4611
3654, 4825
3655, 4111
3655, 4287
3655, 4327
3655, 4792
3655, 4811
3659, 3753
3661, 4904
3662, 3986
3663, 4895
3664, 4642
3666, 3940
3666, 4995
3667, 3793
3670, 4160
3673, 4012
3676, 3726
3676, 3753
3678, 4280
3680, 4635
3685, 3753
3687, 4612
3691, 4664
3698, 3753
3702, 4976
3703, 4336
3704, 4967
3705, 4252
3709, 4509
3710, 4669
3711, 3894
3712, 4558
3714, 4714
3715, 4043
3716, 3925
3716, 4079
3716, 4441
3717, 4635
3721, 4539
3722, 3870
3723, 4876
3726, 3801
3726, 4007
3726, 4186
3726, 4407
3726, 4444
3726, 4467
3726, 4959
3728, 4244
3729, 3931
3731, 4105
3732, 4601
3736, 3998
3737, 4214
3738, 4521
3738, 4979
3742, 4966
3746, 3828
3747, 4118
3750, 3758
3751, 4139
3751, 4531
3752, 4972
3753, 3790
3753, 3827
3753, 3859
3753, 3890
3753, 3910
3753, 3927
3753, 3931
3753, 3957
3753, 3968
3753, 3985
3753, 3988
3753, 4168
3753, 4187
3753, 4192
3753, 4307
3753, 4326
3753, 4445
3753, 4500
3753, 4528
3753, 4548
3753, 4672
3753, 4698
3753, 4710
3753, 4726
3753, 4763
3753, 4814
3753, 4827
3753, 4860
3753, 4875
3753, 4922
3753, 4959
3753, 4980
3754, 3842
3754, 4502
3759, 4315
3761, 4518
3764, 4980
3766, 4067
3769, 4588
3770, 4950
3771, 4613
3774, 4961
3777, 4435
3777, 4521
3786, 4718
3788, 4784
3794, 4581
3796, 4236
3799, 4056
3800, 4809
3801, 4381
3801, 4862
3801, 4943
3802, 3922
3803, 4397
3804, 4676
3806, 4552
3809, 4956
3810, 4002
3811, 3889
3816, 4354
3818, 4809
3821, 4935
3822, 4008
3825, 3994
3826, 4984
3828, 4182
3830, 4043
3833, 4017
3833, 4766
3834, 3862
3838, 4741
3840, 4497
3844, 3923
3846, 4052
3847, 4010
3848, 3978
3849, 4156
3855, 4092
3858, 4990
3859, 4981
3860, 3968
3869, 3952
3871, 4487
3872, 4226
3881, 4648
3882, 3892
3882, 3929
3882, 4197
3887, 4580
3891, 3959
3895, 4731
3898, 3911
3898, 4324
3898, 4442
3906, 4172
3909, 4330
3909, 4360
3913, 4471
3914, 4505
3914, 4931
3915, 3935
3916, 4062
3917, 4983
3919, 4658
3919, 4760
3922, 4543
3922, 4972
3927, 4244
3928, 4040
3928, 4915
3928, 4929
3931, 3938
3931, 4085
3931, 4114
3931, 4231
3931, 4438
3931, 4451
3931, 4551
3931, 4651
3931, 4804
3936, 4743
3937, 4517
3939, 4668
3941, 4198
3946, 4892
3949, 4721
3949, 4856
3954, 4220
3954, 4467
3956, 4757
3961, 4877
3962, 4236
3962, 4530
3966, 4724
3969, 4565
3969, 4791
3970, 4588
3970, 4808
3978, 4100
3983, 4214
3984, 4970
3987, 4054
3988, 4210
3988, 4220
3989, 4886
3990, 4923
3991, 4252
3999, 4697
4009, 4343
4013, 4508
4014, 4474
4024, 4593
4027, 4436
4028, 4231
4033, 4970
4036, 4099
4037, 4198
4038, 4258
4043, 4894
4046, 4833
4054, 4326
4054, 4572
4062, 4648
4064, 4098
4064, 4365
4065, 4333
4070, 4678
4071, 4705
4074, 4326
4076, 4843
4079, 4984
4080, 4749
4082, 4236
4083, 4306
4087, 4968
4088, 4232
4089, 4236
4090, 4889
4091, 4198
4095, 4855
4099, 4335
4102, 4635
4105, 4654
4108, 4180
4109, 4425
4115, 4231
4118, 4712
4119, 4945
4124, 4631
4134, 4382
4139, 4164
4139, 4441
4139, 4720
4140, 4367
4147, 4477
4151, 4336
4152, 4789
4155, 4389
4156, 4162
4157, 4970
4163, 4350
4167, 4492
4168, 4198
4168, 4274
4168, 4577
4171, 4612
4177, 4437
4183, 4751
4183, 4777
4186, 4727
4198, 4287
4199, 4604
4200, 4777
4211, 4905
4227, 4549
4230, 4694
4230, 4806
4231, 4745
4234, 4959
4235, 4773
4236, 4524
4236, 4528
4239, 4820
4241, 4864
4242, 4404
4244, 4282
4244, 4503
4244, 4530
4244, 4552
4244, 4716
4244, 4769
4244, 4874
4250, 4701
4255, 4973
4264, 4925
4267, 4799
4268, 4701
4272, 4942
4275, 4427
4279, 4371
4281, 4521
4283, 4507
4284, 4310
4284, 4822
4286, 4525
4299, 4453
4303, 4830
4309, 4711
4314, 4465
4317, 4970
4318, 4802
4326, 4395
4326, 4637
4326, 4879
4326, 4882
4329, 4455
4338, 4607
4342, 4406
4375, 4635
4380, 4898
4383, 4605
4389, 4790
4391, 4520
4400, 4941
4413, 4661
4416, 4873
4418, 4885
4421, 4778
4427, 4956
4432, 4811
4434, 4728
4441, 4740
4441, 4931
4447, 4521
4470, 4496
4472, 4521
4478, 4943
4495, 4867
4504, 4704
4513, 4623
4517, 4682
4519, 4959
4521, 4650
4521, 4722
4521, 4791
4521, 4849
4521, 4963
4523, 4527
4529, 4857
4537, 4635
4548, 4913
4554, 4723
4556, 4568
4561, 4613
4565, 4816
4570, 4637
4576, 4753
4581, 4721
4587, 4620
4595, 4937
4612, 4636
4613, 4789
4613, 4819
4613, 4974
4615, 4962
4618, 4943
4624, 4631
4630, 4779
4632, 4762
4639, 4830
4647, 4991
4674, 4769
4678, 4833
4690, 4735
4694, 4870
4696, 4815
4696, 4873
4710, 4731
4718, 4832
4723, 4844
4724, 4889
4729, 4792
4738, 4896
4739, 4811
4743, 4811
4762, 4821
4796, 4908
4807, 4819
4822, 4883
4830, 4897
4876, 4881
4876, 4970
4917, 4959
4940, 4994
