0, 41
0, 88
1, 58
2, 38
2, 88
3, 69
4, 88
5, 24
6, 71
7, 18
7, 97
8, 38
8, 76
9, 35
9, 36
9, 42
9, 55
10, 68
11, 88
12, 53
12, 88
13, 40
14, 88
15, 23
16, 23
16, 29
17, 79
19, 58
20, 46
21, 37
21, 80
22, 67
22, 88
23, 88
23, 97
24, 64
24, 84
25, 47
26, 38
27, 62
27, 85
28, 73
29, 79
30, 82
30, 94
31, 33
31, 88
32, 90
34, 63
34, 83
36, 80
37, 88
38, 52
38, 60
38, 64
38, 73
38, 86
38, 88
38, 92
39, 41
41, 64
41, 65
41, 84
41, 86
41, 88
42, 61
43, 58
43, 74
44, 64
44, 85
45, 88
46, 88
47, 73
47, 89
48, 50
49, 78
50, 84
51, 88
54, 95
56, 70
57, 64
57, 72
57, 88
59, 88
60, 78
60, 88
64, 68
64, 83
64, 88
66, 99
68, 88
75, 97
76, 96
77, 88
81, 88
87, 88
88, 89
88, 91
88, 95
88, 98
93, 95
