0, 1
0, 2
0, 3
0, 4
0, 5
0, 6
0, 7
0, 8
0, 9
0, 10
0, 11
0, 12
0, 13
0, 15
0, 16
0, 17
0, 18
0, 19
0, 20
0, 21
0, 22
0, 23
0, 24
0, 25
0, 26
0, 27
0, 28
0, 29
0, 30
0, 31
0, 32
0, 33
0, 34
0, 35
0, 36
0, 37
0, 38
0, 39
0, 40
0, 41
0, 42
0, 43
0, 44
0, 45
0, 46
0, 47
0, 48
0, 49
0, 50
0, 51
0, 52
0, 53
0, 54
0, 56
0, 57
0, 58
0, 59
0, 63
0, 64
0, 65
0, 66
0, 67
0, 69
0, 70
0, 71
0, 72
0, 73
0, 75
0, 77
0, 78
0, 80
0, 81
0, 82
0, 83
0, 84
0, 86
0, 89
0, 91
0, 92
0, 94
0, 95
0, 96
0, 99
0, 101
0, 102
0, 104
0, 105
0, 106
0, 107
0, 114
0, 118
0, 124
0, 125
0, 127
0, 128
0, 130
0, 134
0, 138
0, 141
0, 142
0, 143
0, 144
0, 149
0, 152
0, 156
0, 158
0, 159
0, 164
0, 165
0, 168
0, 172
0, 175
0, 176
0, 178
0, 180
0, 181
0, 184
0, 196
0, 198
0, 204
0, 205
0, 212
0, 219
0, 223
0, 224
0, 228
0, 233
0, 242
0, 246
1, 2
1, 3
1, 4
1, 5
1, 6
1, 7
1, 8
1, 9
1, 10
1, 11
1, 12
1, 13
1, 14
1, 15
1, 16
1, 17
1, 18
1, 19
1, 20
1, 21
1, 22
1, 23
1, 24
1, 25
1, 26
1, 27
1, 28
1, 29
1, 30
1, 31
1, 32
1, 33
1, 34
1, 35
1, 36
1, 37
1, 38
1, 39
1, 40
1, 41
1, 42
1, 43
1, 44
1, 45
1, 46
1, 47
1, 48
1, 49
1, 50
1, 51
1, 52
1, 53
1, 54
1, 55
1, 56
1, 57
1, 58
1, 59
1, 60
1, 61
1, 62
1, 63
1, 65
1, 67
1, 68
1, 69
1, 70
1, 71
1, 72
1, 73
1, 74
1, 75
1, 76
1, 77
1, 78
1, 79
1, 80
1, 81
1, 83
1, 86
1, 88
1, 89
1, 92
1, 93
1, 94
1, 98
1, 99
1, 100
1, 102
1, 103
1, 104
1, 105
1, 106
1, 109
1, 110
1, 113
1, 115
1, 117
1, 119
1, 120
1, 121
1, 122
1, 123
1, 125
1, 126
1, 128
1, 130
1, 133
1, 134
1, 137
1, 138
1, 141
1, 142
1, 148
1, 149
1, 160
1, 161
1, 164
1, 165
1, 167
1, 169
1, 171
1, 173
1, 179
1, 181
1, 182
1, 184
1, 185
1, 186
1, 189
1, 191
1, 200
1, 201
1, 204
1, 208
1, 213
1, 219
1, 220
1, 222
1, 224
1, 226
1, 227
1, 228
1, 229
1, 231
1, 233
1, 241
1, 244
1, 245
1, 246
1, 249
2, 3
2, 4
2, 5
2, 6
2, 7
2, 8
2, 9
2, 10
2, 11
2, 12
2, 13
2, 14
2, 15
2, 16
2, 17
2, 18
2, 19
2, 20
2, 21
2, 22
2, 23
2, 24
2, 25
2, 26
2, 27
2, 28
2, 29
2, 30
2, 31
2, 32
2, 33
2, 34
2, 35
2, 36
2, 37
2, 38
2, 39
2, 40
2, 41
2, 42
2, 43
2, 44
2, 45
2, 46
2, 47
2, 48
2, 49
2, 50
2, 51
2, 52
2, 53
2, 54
2, 55
2, 56
2, 57
2, 58
2, 59
2, 61
2, 62
2, 63
2, 64
2, 65
2, 66
2, 69
2, 70
2, 71
2, 72
2, 73
2, 74
2, 75
2, 77
2, 78
2, 79
2, 81
2, 83
2, 85
2, 86
2, 87
2, 88
2, 89
2, 91
2, 92
2, 93
2, 95
2, 97
2, 98
2, 99
2, 102
2, 103
2, 104
2, 106
2, 112
2, 113
2, 114
2, 115
2, 116
2, 117
2, 120
2, 122
2, 124
2, 125
2, 127
2, 128
2, 129
2, 133
2, 136
2, 143
2, 146
2, 149
2, 151
2, 152
2, 153
2, 155
2, 161
2, 166
2, 170
2, 178
2, 180
2, 181
2, 186
2, 191
2, 194
2, 195
2, 196
2, 197
2, 207
2, 210
2, 212
2, 214
2, 215
2, 217
2, 219
2, 222
2, 223
2, 226
2, 228
2, 229
2, 232
2, 233
2, 242
2, 245
3, 4
3, 5
3, 6
3, 7
3, 8
3, 9
3, 10
3, 11
3, 12
3, 13
3, 14
3, 15
3, 16
3, 17
3, 18
3, 19
3, 20
3, 21
3, 22
3, 23
3, 24
3, 25
3, 26
3, 27
3, 28
3, 29
3, 30
3, 31
3, 32
3, 33
3, 34
3, 35
3, 36
3, 37
3, 38
3, 39
3, 40
3, 41
3, 42
3, 43
3, 44
3, 45
3, 46
3, 47
3, 48
3, 49
3, 50
3, 51
3, 52
3, 53
3, 55
3, 56
3, 58
3, 59
3, 60
3, 61
3, 62
3, 63
3, 64
3, 66
3, 69
3, 70
3, 71
3, 72
3, 73
3, 75
3, 77
3, 79
3, 80
3, 81
3, 82
3, 83
3, 84
3, 85
3, 86
3, 88
3, 89
3, 91
3, 92
3, 93
3, 94
3, 95
3, 96
3, 98
3, 104
3, 105
3, 108
3, 113
3, 114
3, 115
3, 117
3, 118
3, 122
3, 123
3, 127
3, 128
3, 129
3, 130
3, 131
3, 133
3, 134
3, 136
3, 145
3, 148
3, 153
3, 155
3, 160
3, 161
3, 166
3, 168
3, 170
3, 171
3, 174
3, 177
3, 178
3, 179
3, 180
3, 182
3, 187
3, 188
3, 196
3, 203
3, 204
3, 205
3, 206
3, 207
3, 208
3, 209
3, 210
3, 215
3, 216
3, 217
3, 222
3, 224
3, 229
3, 234
3, 235
3, 240
3, 241
3, 245
3, 248
4, 5
4, 6
4, 7
4, 8
4, 9
4, 10
4, 11
4, 12
4, 13
4, 14
4, 15
4, 16
4, 17
4, 18
4, 19
4, 20
4, 21
4, 22
4, 23
4, 24
4, 25
4, 26
4, 27
4, 28
4, 29
4, 30
4, 31
4, 32
4, 33
4, 34
4, 35
4, 36
4, 37
4, 38
4, 39
4, 40
4, 41
4, 42
4, 43
4, 44
4, 45
4, 46
4, 47
4, 48
4, 49
4, 50
4, 51
4, 52
4, 53
4, 54
4, 55
4, 56
4, 57
4, 58
4, 59
4, 60
4, 61
4, 62
4, 63
4, 64
4, 65
4, 66
4, 67
4, 70
4, 73
4, 74
4, 75
4, 76
4, 79
4, 80
4, 82
4, 84
4, 87
4, 89
4, 90
4, 94
4, 96
4, 97
4, 99
4, 100
4, 101
4, 102
4, 107
4, 110
4, 112
4, 114
4, 115
4, 117
4, 118
4, 120
4, 123
4, 124
4, 126
4, 128
4, 132
4, 133
4, 135
4, 137
4, 140
4, 143
4, 147
4, 148
4, 149
4, 150
4, 151
4, 155
4, 157
4, 158
4, 163
4, 165
4, 168
4, 169
4, 170
4, 172
4, 173
4, 177
4, 181
4, 184
4, 185
4, 187
4, 190
4, 191
4, 194
4, 196
4, 199
4, 206
4, 216
4, 217
4, 223
4, 227
4, 230
4, 233
4, 234
5, 6
5, 7
5, 8
5, 9
5, 10
5, 11
5, 12
5, 13
5, 14
5, 15
5, 16
5, 17
5, 18
5, 19
5, 20
5, 21
5, 22
5, 23
5, 24
5, 25
5, 26
5, 27
5, 28
5, 29
5, 30
5, 31
5, 32
5, 33
5, 34
5, 35
5, 36
5, 37
5, 38
5, 39
5, 40
5, 41
5, 42
5, 43
5, 44
5, 45
5, 46
5, 47
5, 48
5, 49
5, 50
5, 51
5, 52
5, 53
5, 54
5, 55
5, 56
5, 57
5, 58
5, 59
5, 60
5, 62
5, 63
5, 64
5, 65
5, 67
5, 68
5, 69
5, 70
5, 72
5, 73
5, 75
5, 82
5, 83
5, 85
5, 90
5, 91
5, 92
5, 93
5, 95
5, 96
5, 97
5, 99
5, 105
5, 107
5, 110
5, 111
5, 113
5, 114
5, 117
5, 118
5, 119
5, 120
5, 121
5, 125
5, 126
5, 129
5, 131
5, 133
5, 134
5, 135
5, 140
5, 147
5, 157
5, 159
5, 165
5, 166
5, 170
5, 172
5, 174
5, 175
5, 178
5, 179
5, 182
5, 185
5, 186
5, 187
5, 193
5, 195
5, 197
5, 198
5, 201
5, 205
5, 208
5, 210
5, 211
5, 213
5, 216
5, 228
5, 233
5, 236
5, 237
5, 238
5, 240
5, 245
5, 246
6, 7
6, 8
6, 9
6, 10
6, 11
6, 12
6, 13
6, 14
6, 15
6, 16
6, 17
6, 18
6, 19
6, 20
6, 21
6, 22
6, 23
6, 24
6, 25
6, 26
6, 27
6, 28
6, 29
6, 30
6, 31
6, 32
6, 33
6, 34
6, 35
6, 36
6, 37
6, 38
6, 39
6, 40
6, 41
6, 42
6, 43
6, 44
6, 45
6, 46
6, 47
6, 48
6, 49
6, 50
6, 51
6, 52
6, 53
6, 54
6, 55
6, 56
6, 57
6, 58
6, 59
6, 60
6, 61
6, 62
6, 63
6, 64
6, 65
6, 66
6, 67
6, 68
6, 69
6, 72
6, 73
6, 74
6, 78
6, 79
6, 80
6, 82
6, 84
6, 86
6, 87
6, 89
6, 91
6, 92
6, 93
6, 94
6, 95
6, 96
6, 100
6, 102
6, 103
6, 107
6, 108
6, 110
6, 111
6, 113
6, 115
6, 116
6, 117
6, 122
6, 123
6, 125
6, 128
6, 129
6, 132
6, 138
6, 139
6, 140
6, 141
6, 147
6, 148
6, 149
6, 150
6, 153
6, 163
6, 164
6, 166
6, 168
6, 169
6, 171
6, 175
6, 178
6, 180
6, 181
6, 185
6, 189
6, 194
6, 196
6, 198
6, 199
6, 200
6, 209
6, 215
6, 216
6, 218
6, 220
6, 221
6, 224
6, 226
6, 228
6, 231
6, 234
6, 238
6, 242
6, 243
6, 247
7, 8
7, 9
7, 10
7, 11
7, 12
7, 13
7, 14
7, 15
7, 16
7, 17
7, 18
7, 19
7, 20
7, 21
7, 22
7, 23
7, 24
7, 25
7, 26
7, 27
7, 28
7, 29
7, 30
7, 31
7, 32
7, 33
7, 34
7, 35
7, 36
7, 37
7, 38
7, 39
7, 40
7, 41
7, 42
7, 43
7, 44
7, 45
7, 46
7, 47
7, 48
7, 49
7, 50
7, 51
7, 52
7, 53
7, 54
7, 55
7, 56
7, 57
7, 59
7, 60
7, 61
7, 63
7, 64
7, 65
7, 66
7, 68
7, 69
7, 70
7, 71
7, 72
7, 73
7, 76
7, 77
7, 78
7, 80
7, 82
7, 83
7, 84
7, 85
7, 87
7, 89
7, 90
7, 91
7, 92
7, 93
7, 95
7, 98
7, 99
7, 101
7, 102
7, 104
7, 105
7, 106
7, 108
7, 109
7, 111
7, 113
7, 114
7, 116
7, 117
7, 121
7, 123
7, 126
7, 129
7, 131
7, 133
7, 139
7, 146
7, 147
7, 148
7, 150
7, 152
7, 154
7, 155
7, 158
7, 159
7, 160
7, 165
7, 166
7, 174
7, 178
7, 181
7, 183
7, 184
7, 186
7, 189
7, 194
7, 199
7, 200
7, 201
7, 206
7, 208
7, 209
7, 215
7, 218
7, 219
7, 220
7, 221
7, 222
7, 223
7, 225
7, 229
7, 231
7, 235
7, 236
7, 237
7, 239
7, 243
7, 244
7, 249
8, 9
8, 10
8, 11
8, 12
8, 13
8, 14
8, 15
8, 16
8, 17
8, 18
8, 19
8, 20
8, 21
8, 22
8, 23
8, 24
8, 25
8, 26
8, 27
8, 28
8, 29
8, 30
8, 31
8, 32
8, 33
8, 34
8, 35
8, 36
8, 37
8, 38
8, 39
8, 40
8, 41
8, 42
8, 43
8, 44
8, 45
8, 46
8, 47
8, 48
8, 49
8, 50
8, 51
8, 52
8, 53
8, 54
8, 55
8, 57
8, 58
8, 60
8, 61
8, 62
8, 64
8, 65
8, 66
8, 67
8, 68
8, 69
8, 70
8, 71
8, 72
8, 73
8, 74
8, 76
8, 77
8, 79
8, 80
8, 81
8, 82
8, 83
8, 84
8, 85
8, 86
8, 87
8, 88
8, 89
8, 90
8, 91
8, 96
8, 97
8, 98
8, 102
8, 104
8, 105
8, 108
8, 109
8, 112
8, 113
8, 116
8, 117
8, 118
8, 119
8, 121
8, 122
8, 123
8, 124
8, 127
8, 128
8, 129
8, 134
8, 136
8, 143
8, 144
8, 145
8, 146
8, 153
8, 158
8, 162
8, 165
8, 167
8, 168
8, 169
8, 170
8, 178
8, 180
8, 181
8, 182
8, 183
8, 186
8, 187
8, 196
8, 197
8, 199
8, 201
8, 202
8, 204
8, 205
8, 207
8, 210
8, 212
8, 217
8, 220
8, 226
8, 228
8, 229
8, 231
8, 233
8, 234
8, 235
8, 237
8, 239
8, 241
8, 244
8, 245
8, 248
8, 249
9, 10
9, 11
9, 12
9, 13
9, 14
9, 15
9, 16
9, 17
9, 18
9, 19
9, 20
9, 21
9, 22
9, 23
9, 24
9, 25
9, 26
9, 27
9, 28
9, 29
9, 30
9, 31
9, 32
9, 33
9, 34
9, 35
9, 36
9, 37
9, 38
9, 39
9, 40
9, 41
9, 42
9, 43
9, 44
9, 45
9, 46
9, 47
9, 48
9, 49
9, 50
9, 51
9, 52
9, 53
9, 54
9, 55
9, 56
9, 57
9, 59
9, 60
9, 61
9, 62
9, 63
9, 65
9, 68
9, 69
9, 71
9, 72
9, 73
9, 75
9, 76
9, 78
9, 79
9, 81
9, 83
9, 84
9, 86
9, 87
9, 88
9, 89
9, 91
9, 92
9, 94
9, 95
9, 97
9, 98
9, 99
9, 102
9, 103
9, 104
9, 105
9, 107
9, 108
9, 110
9, 114
9, 115
9, 120
9, 121
9, 124
9, 125
9, 128
9, 129
9, 132
9, 137
9, 139
9, 140
9, 141
9, 143
9, 144
9, 145
9, 146
9, 148
9, 150
9, 152
9, 155
9, 156
9, 157
9, 158
9, 160
9, 162
9, 164
9, 166
9, 167
9, 172
9, 173
9, 178
9, 179
9, 184
9, 186
9, 193
9, 194
9, 197
9, 200
9, 204
9, 206
9, 208
9, 209
9, 215
9, 218
9, 220
9, 223
9, 226
9, 229
9, 233
9, 237
9, 244
9, 249
10, 11
10, 12
10, 13
10, 14
10, 15
10, 16
10, 17
10, 18
10, 19
10, 20
10, 21
10, 22
10, 23
10, 24
10, 25
10, 26
10, 27
10, 28
10, 29
10, 30
10, 31
10, 32
10, 33
10, 34
10, 35
10, 36
10, 37
10, 38
10, 39
10, 40
10, 41
10, 42
10, 43
10, 44
10, 45
10, 46
10, 47
10, 48
10, 49
10, 50
10, 51
10, 52
10, 53
10, 54
10, 55
10, 56
10, 57
10, 58
10, 59
10, 60
10, 61
10, 62
10, 63
10, 65
10, 66
10, 67
10, 68
10, 71
10, 74
10, 76
10, 78
10, 80
10, 81
10, 82
10, 83
10, 84
10, 85
10, 86
10, 88
10, 90
10, 91
10, 92
10, 93
10, 94
10, 95
10, 97
10, 98
10, 99
10, 100
10, 104
10, 105
10, 108
10, 111
10, 114
10, 115
10, 116
10, 119
10, 123
10, 124
10, 127
10, 130
10, 132
10, 133
10, 135
10, 136
10, 144
10, 147
10, 148
10, 149
10, 154
10, 155
10, 156
10, 158
10, 165
10, 167
10, 168
10, 175
10, 178
10, 179
10, 181
10, 183
10, 185
10, 188
10, 189
10, 190
10, 191
10, 196
10, 197
10, 198
10, 200
10, 204
10, 205
10, 214
10, 217
10, 219
10, 220
10, 221
10, 225
10, 229
10, 230
10, 237
10, 243
10, 244
10, 245
11, 12
11, 13
11, 14
11, 15
11, 16
11, 17
11, 18
11, 19
11, 20
11, 21
11, 22
11, 23
11, 24
11, 25
11, 26
11, 27
11, 28
11, 29
11, 30
11, 31
11, 32
11, 33
11, 34
11, 35
11, 36
11, 37
11, 38
11, 39
11, 40
11, 41
11, 42
11, 43
11, 44
11, 45
11, 46
11, 47
11, 48
11, 49
11, 50
11, 51
11, 52
11, 53
11, 54
11, 57
11, 58
11, 59
11, 60
11, 62
11, 63
11, 65
11, 66
11, 67
11, 68
11, 69
11, 70
11, 72
11, 73
11, 75
11, 76
11, 77
11, 78
11, 79
11, 83
11, 84
11, 87
11, 88
11, 92
11, 93
11, 94
11, 96
11, 97
11, 99
11, 100
11, 102
11, 104
11, 105
11, 106
11, 107
11, 110
11, 112
11, 113
11, 116
11, 117
11, 120
11, 121
11, 122
11, 128
11, 131
11, 134
11, 135
11, 136
11, 137
11, 143
11, 145
11, 148
11, 150
11, 151
11, 153
11, 154
11, 159
11, 160
11, 162
11, 165
11, 169
11, 171
11, 174
11, 178
11, 179
11, 183
11, 184
11, 186
11, 188
11, 189
11, 191
11, 194
11, 197
11, 198
11, 199
11, 204
11, 211
11, 214
11, 215
11, 218
11, 220
11, 221
11, 225
11, 227
11, 229
11, 230
11, 241
11, 245
11, 246
11, 248
12, 13
12, 14
12, 15
12, 16
12, 17
12, 18
12, 19
12, 20
12, 21
12, 22
12, 23
12, 24
12, 25
12, 26
12, 27
12, 28
12, 29
12, 30
12, 31
12, 32
12, 33
12, 34
12, 35
12, 36
12, 37
12, 38
12, 39
12, 40
12, 41
12, 42
12, 43
12, 44
12, 45
12, 46
12, 47
12, 48
12, 49
12, 50
12, 51
12, 52
12, 53
12, 54
12, 55
12, 56
12, 58
12, 59
12, 61
12, 62
12, 63
12, 64
12, 66
12, 67
12, 68
12, 70
12, 71
12, 72
12, 74
12, 75
12, 76
12, 81
12, 82
12, 84
12, 85
12, 86
12, 87
12, 88
12, 89
12, 90
12, 91
12, 93
12, 95
12, 96
12, 97
12, 98
12, 99
12, 100
12, 102
12, 106
12, 107
12, 108
12, 110
12, 112
12, 116
12, 119
12, 122
12, 123
12, 126
12, 131
12, 132
12, 138
12, 140
12, 141
12, 142
12, 144
12, 145
12, 149
12, 152
12, 153
12, 154
12, 155
12, 161
12, 164
12, 165
12, 166
12, 168
12, 171
12, 173
12, 180
12, 183
12, 188
12, 193
12, 194
12, 197
12, 199
12, 204
12, 210
12, 219
12, 223
12, 225
12, 226
12, 227
12, 230
12, 233
12, 236
12, 238
12, 241
12, 242
12, 244
12, 247
12, 249
13, 14
13, 15
13, 16
13, 17
13, 18
13, 19
13, 20
13, 21
13, 22
13, 23
13, 24
13, 25
13, 26
13, 27
13, 28
13, 29
13, 30
13, 31
13, 32
13, 33
13, 34
13, 35
13, 36
13, 37
13, 38
13, 39
13, 40
13, 41
13, 42
13, 43
13, 44
13, 45
13, 46
13, 47
13, 48
13, 49
13, 50
13, 51
13, 52
13, 53
13, 54
13, 55
13, 56
13, 57
13, 58
13, 59
13, 60
13, 61
13, 62
13, 64
13, 66
13, 67
13, 69
13, 71
13, 72
13, 73
13, 74
13, 75
13, 76
13, 77
13, 78
13, 81
13, 82
13, 83
13, 84
13, 85
13, 87
13, 89
13, 91
13, 92
13, 97
13, 101
13, 104
13, 105
13, 106
13, 107
13, 108
13, 109
13, 110
13, 112
13, 114
13, 116
13, 117
13, 119
13, 120
13, 121
13, 123
13, 124
13, 125
13, 127
13, 128
13, 129
13, 136
13, 140
13, 143
13, 145
13, 146
13, 148
13, 149
13, 151
13, 153
13, 154
13, 158
13, 159
13, 167
13, 173
13, 178
13, 179
13, 180
13, 181
13, 182
13, 183
13, 189
13, 190
13, 191
13, 192
13, 193
13, 202
13, 205
13, 207
13, 208
13, 209
13, 211
13, 212
13, 213
13, 217
13, 219
13, 227
13, 247
13, 248
14, 15
14, 16
14, 17
14, 18
14, 19
14, 20
14, 21
14, 22
14, 23
14, 24
14, 25
14, 26
14, 27
14, 28
14, 29
14, 30
14, 31
14, 32
14, 33
14, 34
14, 35
14, 36
14, 37
14, 38
14, 39
14, 40
14, 41
14, 42
14, 43
14, 44
14, 45
14, 46
14, 47
14, 48
14, 49
14, 50
14, 51
14, 52
14, 53
14, 54
14, 55
14, 57
14, 58
14, 59
14, 60
14, 62
14, 64
14, 65
14, 66
14, 67
14, 68
14, 69
14, 71
14, 72
14, 73
14, 74
14, 76
14, 77
14, 78
14, 79
14, 80
14, 81
14, 82
14, 84
14, 85
14, 86
14, 87
14, 89
14, 91
14, 92
14, 93
14, 94
14, 96
14, 97
14, 99
14, 100
14, 103
14, 104
14, 107
14, 108
14, 109
14, 114
14, 115
14, 116
14, 118
14, 120
14, 121
14, 123
14, 124
14, 126
14, 130
14, 131
14, 132
14, 134
14, 138
14, 140
14, 141
14, 143
14, 144
14, 145
14, 146
14, 147
14, 153
14, 154
14, 155
14, 156
14, 159
14, 160
14, 164
14, 166
14, 167
14, 168
14, 169
14, 170
14, 174
14, 175
14, 176
14, 181
14, 186
14, 188
14, 189
14, 190
14, 195
14, 199
14, 203
14, 205
14, 206
14, 207
14, 208
14, 213
14, 219
14, 221
14, 223
14, 225
14, 230
14, 247
15, 16
15, 17
15, 18
15, 19
15, 20
15, 21
15, 22
15, 23
15, 24
15, 25
15, 26
15, 27
15, 28
15, 29
15, 30
15, 31
15, 32
15, 33
15, 34
15, 35
15, 36
15, 37
15, 38
15, 39
15, 40
15, 41
15, 42
15, 43
15, 44
15, 45
15, 46
15, 47
15, 48
15, 49
15, 50
15, 51
15, 52
15, 53
15, 54
15, 55
15, 56
15, 57
15, 58
15, 59
15, 60
15, 61
15, 63
15, 64
15, 65
15, 66
15, 67
15, 70
15, 71
15, 72
15, 73
15, 74
15, 76
15, 77
15, 78
15, 82
15, 83
15, 84
15, 85
15, 86
15, 91
15, 92
15, 93
15, 94
15, 97
15, 98
15, 99
15, 100
15, 101
15, 103
15, 105
15, 107
15, 108
15, 113
15, 114
15, 115
15, 118
15, 119
15, 121
15, 123
15, 124
15, 125
15, 129
15, 130
15, 132
15, 133
15, 135
15, 140
15, 141
15, 143
15, 144
15, 145
15, 146
15, 147
15, 149
15, 151
15, 152
15, 156
15, 157
15, 163
15, 165
15, 166
15, 167
15, 169
15, 171
15, 172
15, 173
15, 175
15, 176
15, 177
15, 178
15, 184
15, 190
15, 195
15, 196
15, 201
15, 202
15, 205
15, 206
15, 209
15, 210
15, 211
15, 220
15, 224
15, 226
15, 230
15, 235
15, 236
15, 237
15, 238
15, 247
16, 17
16, 18
16, 19
16, 20
16, 21
16, 22
16, 23
16, 24
16, 25
16, 26
16, 27
16, 28
16, 29
16, 30
16, 31
16, 32
16, 33
16, 34
16, 35
16, 36
16, 37
16, 38
16, 39
16, 40
16, 41
16, 42
16, 43
16, 44
16, 45
16, 46
16, 47
16, 48
16, 49
16, 50
16, 51
16, 52
16, 53
16, 54
16, 55
16, 56
16, 59
16, 60
16, 61
16, 62
16, 66
16, 67
16, 71
16, 72
16, 73
16, 74
16, 76
16, 77
16, 79
16, 80
16, 82
16, 84
16, 88
16, 89
16, 90
16, 91
16, 92
16, 94
16, 95
16, 96
16, 98
16, 99
16, 100
16, 101
16, 102
16, 104
16, 105
16, 109
16, 113
16, 115
16, 120
16, 122
16, 123
16, 124
16, 126
16, 129
16, 130
16, 134
16, 135
16, 137
16, 138
16, 141
16, 145
16, 146
16, 154
16, 155
16, 157
16, 159
16, 160
16, 161
16, 163
16, 164
16, 167
16, 168
16, 169
16, 170
16, 171
16, 173
16, 177
16, 179
16, 180
16, 182
16, 184
16, 186
16, 190
16, 191
16, 192
16, 193
16, 198
16, 199
16, 203
16, 205
16, 206
16, 215
16, 221
16, 243
16, 248
17, 18
17, 19
17, 20
17, 21
17, 22
17, 23
17, 24
17, 25
17, 26
17, 27
17, 28
17, 29
17, 30
17, 31
17, 32
17, 33
17, 34
17, 35
17, 36
17, 37
17, 38
17, 39
17, 40
17, 41
17, 42
17, 43
17, 44
17, 45
17, 46
17, 47
17, 48
17, 49
17, 50
17, 51
17, 52
17, 56
17, 57
17, 58
17, 60
17, 61
17, 62
17, 63
17, 64
17, 67
17, 69
17, 70
17, 71
17, 75
17, 77
17, 78
17, 79
17, 80
17, 81
17, 82
17, 84
17, 85
17, 86
17, 87
17, 92
17, 94
17, 95
17, 96
17, 99
17, 100
17, 101
17, 102
17, 104
17, 106
17, 108
17, 110
17, 113
17, 114
17, 116
17, 121
17, 122
17, 123
17, 126
17, 128
17, 129
17, 130
17, 131
17, 134
17, 139
17, 141
17, 142
17, 147
17, 148
17, 150
17, 151
17, 160
17, 161
17, 162
17, 163
17, 164
17, 165
17, 167
17, 176
17, 177
17, 179
17, 182
17, 185
17, 187
17, 188
17, 189
17, 192
17, 199
17, 201
17, 203
17, 207
17, 209
17, 212
17, 213
17, 214
17, 215
17, 219
17, 224
17, 225
17, 226
17, 229
17, 231
17, 233
17, 239
17, 241
17, 244
17, 246
18, 19
18, 20
18, 21
18, 22
18, 23
18, 24
18, 25
18, 26
18, 27
18, 28
18, 29
18, 30
18, 31
18, 32
18, 33
18, 34
18, 35
18, 36
18, 37
18, 38
18, 39
18, 40
18, 41
18, 42
18, 43
18, 44
18, 45
18, 46
18, 47
18, 48
18, 49
18, 50
18, 51
18, 53
18, 54
18, 55
18, 56
18, 57
18, 58
18, 59
18, 60
18, 61
18, 62
18, 64
18, 66
18, 67
18, 68
18, 73
18, 75
18, 77
18, 79
18, 83
18, 85
18, 88
18, 89
18, 92
18, 95
18, 98
18, 99
18, 100
18, 101
18, 102
18, 103
18, 105
18, 106
18, 107
18, 108
18, 109
18, 110
18, 112
18, 113
18, 118
18, 120
18, 121
18, 122
18, 123
18, 125
18, 126
18, 127
18, 128
18, 130
18, 131
18, 134
18, 135
18, 136
18, 137
18, 146
18, 153
18, 154
18, 158
18, 163
18, 164
18, 165
18, 166
18, 167
18, 169
18, 171
18, 175
18, 176
18, 179
18, 181
18, 183
18, 185
18, 186
18, 187
18, 192
18, 193
18, 196
18, 200
18, 204
18, 205
18, 208
18, 209
18, 212
18, 213
18, 218
18, 219
18, 220
18, 223
18, 224
18, 235
18, 240
18, 243
18, 248
19, 20
19, 21
19, 22
19, 23
19, 24
19, 25
19, 26
19, 27
19, 28
19, 29
19, 30
19, 31
19, 32
19, 33
19, 34
19, 35
19, 36
19, 37
19, 38
19, 39
19, 40
19, 41
19, 42
19, 43
19, 44
19, 45
19, 46
19, 47
19, 48
19, 49
19, 50
19, 51
19, 52
19, 53
19, 54
19, 55
19, 56
19, 57
19, 58
19, 59
19, 60
19, 61
19, 62
19, 63
19, 64
19, 65
19, 66
19, 67
19, 68
19, 69
19, 70
19, 71
19, 72
19, 76
19, 77
19, 78
19, 80
19, 81
19, 82
19, 88
19, 89
19, 91
19, 95
19, 97
19, 100
19, 105
19, 106
19, 107
19, 108
19, 109
19, 110
19, 112
19, 113
19, 115
19, 119
19, 121
19, 123
19, 127
19, 128
19, 129
19, 130
19, 132
19, 133
19, 134
19, 135
19, 137
19, 139
19, 140
19, 148
19, 149
19, 150
19, 152
19, 153
19, 155
19, 158
19, 164
19, 173
19, 174
19, 176
19, 177
19, 179
19, 180
19, 181
19, 189
19, 193
19, 194
19, 195
19, 200
19, 203
19, 204
19, 205
19, 211
19, 214
19, 216
19, 219
19, 221
19, 222
19, 224
19, 226
19, 228
19, 230
19, 234
20, 21
20, 22
20, 23
20, 24
20, 25
20, 26
20, 27
20, 28
20, 29
20, 30
20, 31
20, 32
20, 33
20, 34
20, 35
20, 36
20, 37
20, 38
20, 39
20, 40
20, 41
20, 42
20, 43
20, 44
20, 45
20, 46
20, 47
20, 48
20, 49
20, 50
20, 51
20, 52
20, 53
20, 54
20, 55
20, 56
20, 57
20, 58
20, 59
20, 60
20, 61
20, 62
20, 63
20, 65
20, 66
20, 67
20, 69
20, 71
20, 73
20, 74
20, 76
20, 77
20, 78
20, 79
20, 80
20, 81
20, 82
20, 83
20, 84
20, 85
20, 87
20, 90
20, 91
20, 93
20, 94
20, 95
20, 96
20, 99
20, 101
20, 103
20, 105
20, 109
20, 111
20, 113
20, 115
20, 122
20, 123
20, 125
20, 131
20, 132
20, 134
20, 135
20, 137
20, 141
20, 142
20, 147
20, 148
20, 151
20, 153
20, 154
20, 155
20, 158
20, 164
20, 173
20, 181
20, 183
20, 186
20, 188
20, 189
20, 190
20, 193
20, 194
20, 202
20, 204
20, 208
20, 210
20, 211
20, 212
20, 213
20, 215
20, 216
20, 218
20, 226
20, 227
20, 229
20, 231
20, 236
20, 237
20, 241
20, 242
21, 22
21, 23
21, 24
21, 25
21, 26
21, 27
21, 28
21, 29
21, 30
21, 31
21, 32
21, 33
21, 34
21, 35
21, 36
21, 37
21, 38
21, 39
21, 40
21, 41
21, 42
21, 43
21, 44
21, 45
21, 46
21, 47
21, 48
21, 49
21, 50
21, 51
21, 52
21, 53
21, 54
21, 55
21, 56
21, 57
21, 58
21, 59
21, 60
21, 61
21, 62
21, 63
21, 64
21, 65
21, 66
21, 67
21, 69
21, 71
21, 73
21, 75
21, 76
21, 78
21, 79
21, 80
21, 81
21, 84
21, 85
21, 86
21, 87
21, 89
21, 90
21, 91
21, 100
21, 101
21, 102
21, 103
21, 104
21, 106
21, 107
21, 110
21, 114
21, 116
21, 118
21, 120
21, 121
21, 122
21, 124
21, 126
21, 127
21, 128
21, 129
21, 130
21, 134
21, 135
21, 138
21, 140
21, 142
21, 144
21, 146
21, 148
21, 149
21, 152
21, 153
21, 158
21, 159
21, 160
21, 162
21, 164
21, 167
21, 169
21, 172
21, 179
21, 180
21, 185
21, 186
21, 194
21, 200
21, 201
21, 202
21, 203
21, 207
21, 209
21, 211
21, 213
21, 215
21, 216
21, 221
21, 223
21, 225
21, 230
21, 232
21, 236
21, 237
21, 238
21, 239
21, 240
21, 243
21, 244
21, 247
21, 248
21, 249
22, 23
22, 24
22, 25
22, 26
22, 27
22, 28
22, 29
22, 30
22, 31
22, 32
22, 33
22, 34
22, 35
22, 36
22, 37
22, 38
22, 39
22, 40
22, 41
22, 42
22, 43
22, 44
22, 45
22, 46
22, 47
22, 48
22, 49
22, 50
22, 51
22, 52
22, 53
22, 54
22, 55
22, 56
22, 57
22, 58
22, 59
22, 60
22, 61
22, 62
22, 65
22, 66
22, 68
22, 69
22, 70
22, 72
22, 73
22, 74
22, 76
22, 78
22, 80
22, 82
22, 83
22, 87
22, 88
22, 90
22, 94
22, 96
22, 97
22, 101
22, 104
22, 107
22, 109
22, 110
22, 111
22, 114
22, 115
22, 116
22, 117
22, 118
22, 119
22, 120
22, 124
22, 129
22, 130
22, 132
22, 138
22, 139
22, 146
22, 150
22, 152
22, 153
22, 160
22, 167
22, 172
22, 177
22, 184
22, 187
22, 190
22, 201
22, 203
22, 204
22, 205
22, 211
22, 213
22, 215
22, 217
22, 228
22, 235
22, 237
22, 238
22, 240
22, 242
23, 24
23, 25
23, 26
23, 27
23, 28
23, 29
23, 30
23, 31
23, 32
23, 33
23, 34
23, 35
23, 36
23, 37
23, 38
23, 39
23, 40
23, 41
23, 42
23, 43
23, 44
23, 45
23, 46
23, 47
23, 48
23, 49
23, 50
23, 51
23, 52
23, 53
23, 54
23, 55
23, 56
23, 58
23, 59
23, 60
23, 61
23, 62
23, 63
23, 64
23, 66
23, 67
23, 69
23, 70
23, 74
23, 75
23, 76
23, 77
23, 78
23, 79
23, 81
23, 82
23, 83
23, 85
23, 86
23, 87
23, 88
23, 90
23, 91
23, 93
23, 94
23, 98
23, 99
23, 100
23, 102
23, 103
23, 105
23, 107
23, 110
23, 111
23, 112
23, 113
23, 115
23, 118
23, 121
23, 125
23, 126
23, 130
23, 131
23, 134
23, 138
23, 141
23, 142
23, 143
23, 146
23, 149
23, 151
23, 154
23, 155
23, 162
23, 164
23, 167
23, 171
23, 177
23, 179
23, 186
23, 188
23, 196
23, 198
23, 200
23, 204
23, 205
23, 207
23, 210
23, 212
23, 214
23, 217
23, 218
23, 219
23, 225
23, 229
23, 231
23, 234
23, 238
23, 239
23, 240
23, 242
23, 244
23, 246
23, 247
24, 25
24, 26
24, 27
24, 28
24, 29
24, 30
24, 31
24, 32
24, 33
24, 34
24, 35
24, 36
24, 37
24, 38
24, 39
24, 40
24, 41
24, 42
24, 43
24, 44
24, 45
24, 46
24, 47
24, 48
24, 49
24, 50
24, 51
24, 52
24, 53
24, 54
24, 56
24, 57
24, 58
24, 59
24, 60
24, 61
24, 62
24, 64
24, 65
24, 67
24, 68
24, 69
24, 70
24, 71
24, 73
24, 74
24, 75
24, 76
24, 77
24, 78
24, 79
24, 80
24, 81
24, 82
24, 83
24, 86
24, 87
24, 91
24, 92
24, 93
24, 95
24, 96
24, 99
24, 101
24, 103
24, 104
24, 106
24, 107
24, 108
24, 109
24, 110
24, 111
24, 112
24, 114
24, 116
24, 117
24, 118
24, 119
24, 120
24, 122
24, 124
24, 125
24, 126
24, 131
24, 134
24, 135
24, 136
24, 137
24, 139
24, 142
24, 146
24, 153
24, 160
24, 163
24, 166
24, 168
24, 169
24, 174
24, 176
24, 179
24, 182
24, 183
24, 187
24, 193
24, 199
24, 203
24, 204
24, 209
24, 210
24, 219
24, 220
24, 222
24, 223
24, 228
24, 229
24, 230
24, 232
24, 233
24, 236
24, 238
24, 244
24, 249
25, 26
25, 27
25, 28
25, 29
25, 30
25, 31
25, 32
25, 33
25, 34
25, 35
25, 36
25, 37
25, 38
25, 39
25, 40
25, 41
25, 42
25, 43
25, 44
25, 45
25, 46
25, 47
25, 48
25, 49
25, 50
25, 51
25, 52
25, 53
25, 54
25, 55
25, 56
25, 57
25, 59
25, 60
25, 61
25, 62
25, 63
25, 64
25, 65
25, 66
25, 67
25, 69
25, 70
25, 74
25, 75
25, 76
25, 77
25, 79
25, 80
25, 81
25, 83
25, 84
25, 85
25, 88
25, 91
25, 92
25, 94
25, 95
25, 97
25, 101
25, 102
25, 103
25, 104
25, 106
25, 107
25, 108
25, 112
25, 114
25, 117
25, 119
25, 120
25, 123
25, 124
25, 125
25, 126
25, 127
25, 128
25, 129
25, 130
25, 131
25, 136
25, 143
25, 146
25, 150
25, 152
25, 153
25, 154
25, 157
25, 158
25, 161
25, 162
25, 164
25, 166
25, 167
25, 170
25, 171
25, 178
25, 182
25, 184
25, 186
25, 187
25, 198
25, 204
25, 205
25, 208
25, 210
25, 213
25, 220
25, 221
25, 225
25, 229
25, 230
25, 232
25, 234
25, 236
25, 237
25, 238
25, 240
25, 248
26, 27
26, 28
26, 29
26, 30
26, 31
26, 32
26, 33
26, 34
26, 35
26, 36
26, 37
26, 38
26, 39
26, 40
26, 41
26, 42
26, 43
26, 44
26, 45
26, 46
26, 47
26, 48
26, 49
26, 50
26, 51
26, 52
26, 53
26, 54
26, 55
26, 56
26, 57
26, 58
26, 59
26, 60
26, 61
26, 63
26, 66
26, 67
26, 68
26, 69
26, 70
26, 71
26, 73
26, 74
26, 76
26, 79
26, 80
26, 82
26, 83
26, 85
26, 87
26, 89
26, 90
26, 91
26, 93
26, 95
26, 98
26, 100
26, 101
26, 102
26, 106
26, 108
26, 109
26, 110
26, 117
26, 120
26, 121
26, 123
26, 126
26, 128
26, 129
26, 130
26, 131
26, 135
26, 136
26, 143
26, 144
26, 145
26, 152
26, 154
26, 155
26, 156
26, 159
26, 161
26, 163
26, 165
26, 166
26, 167
26, 168
26, 170
26, 174
26, 177
26, 180
26, 182
26, 184
26, 185
26, 186
26, 187
26, 197
26, 203
26, 206
26, 208
26, 212
26, 213
26, 216
26, 221
26, 226
26, 229
26, 232
26, 235
26, 236
26, 241
26, 243
26, 245
27, 28
27, 29
27, 30
27, 31
27, 32
27, 33
27, 34
27, 35
27, 36
27, 37
27, 38
27, 39
27, 40
27, 41
27, 42
27, 43
27, 44
27, 45
27, 46
27, 47
27, 48
27, 49
27, 50
27, 52
27, 53
27, 54
27, 55
27, 56
27, 57
27, 58
27, 61
27, 62
27, 63
27, 64
27, 65
27, 68
27, 69
27, 70
27, 71
27, 72
27, 74
27, 76
27, 77
27, 78
27, 80
27, 81
27, 83
27, 85
27, 88
27, 89
27, 91
27, 92
27, 93
27, 94
27, 95
27, 98
27, 101
27, 102
27, 103
27, 104
27, 105
27, 108
27, 110
27, 115
27, 117
27, 120
27, 129
27, 132
27, 137
27, 138
27, 142
27, 144
27, 145
27, 146
27, 150
27, 151
27, 153
27, 156
27, 159
27, 160
27, 163
27, 167
27, 170
27, 175
27, 176
27, 178
27, 180
27, 181
27, 182
27, 187
27, 188
27, 189
27, 190
27, 192
27, 196
27, 197
27, 198
27, 199
27, 206
27, 209
27, 213
27, 219
27, 220
27, 235
27, 238
27, 240
27, 241
27, 242
27, 243
27, 244
27, 248
27, 249
28, 29
28, 30
28, 31
28, 32
28, 33
28, 34
28, 35
28, 36
28, 37
28, 38
28, 39
28, 40
28, 41
28, 42
28, 43
28, 44
28, 45
28, 46
28, 47
28, 48
28, 49
28, 50
28, 51
28, 52
28, 53
28, 54
28, 55
28, 56
28, 57
28, 58
28, 59
28, 60
28, 61
28, 62
28, 63
28, 64
28, 65
28, 66
28, 67
28, 68
28, 70
28, 71
28, 72
28, 74
28, 75
28, 76
28, 77
28, 80
28, 81
28, 82
28, 83
28, 84
28, 85
28, 86
28, 87
28, 88
28, 89
28, 90
28, 91
28, 92
28, 95
28, 96
28, 97
28, 98
28, 99
28, 103
28, 104
28, 107
28, 108
28, 109
28, 112
28, 113
28, 115
28, 116
28, 118
28, 119
28, 122
28, 128
28, 136
28, 138
28, 139
28, 141
28, 142
28, 144
28, 145
28, 146
28, 148
28, 150
28, 153
28, 155
28, 156
28, 159
28, 162
28, 163
28, 167
28, 174
28, 176
28, 185
28, 187
28, 190
28, 191
28, 193
28, 195
28, 197
28, 198
28, 200
28, 203
28, 206
28, 211
28, 213
28, 215
28, 216
28, 217
28, 221
28, 224
28, 227
28, 228
28, 231
28, 248
29, 30
29, 31
29, 32
29, 33
29, 34
29, 35
29, 36
29, 37
29, 38
29, 39
29, 40
29, 41
29, 42
29, 43
29, 44
29, 45
29, 46
29, 47
29, 48
29, 49
29, 50
29, 51
29, 52
29, 53
29, 54
29, 55
29, 56
29, 58
29, 60
29, 61
29, 62
29, 63
29, 64
29, 65
29, 66
29, 67
29, 68
29, 70
29, 71
29, 74
29, 75
29, 77
29, 79
29, 81
29, 82
29, 83
29, 84
29, 85
29, 88
29, 89
29, 90
29, 93
29, 94
29, 96
29, 99
29, 101
29, 104
29, 105
29, 106
29, 107
29, 108
29, 111
29, 114
29, 115
29, 118
29, 120
29, 124
29, 126
29, 127
29, 128
29, 129
29, 132
29, 135
29, 136
29, 137
29, 139
29, 144
29, 149
29, 150
29, 154
29, 155
29, 157
29, 158
29, 159
29, 160
29, 162
29, 163
29, 168
29, 169
29, 173
29, 175
29, 177
29, 178
29, 179
29, 180
29, 181
29, 183
29, 186
29, 187
29, 194
29, 198
29, 200
29, 201
29, 208
29, 209
29, 212
29, 217
29, 220
29, 223
29, 225
29, 227
29, 229
29, 231
29, 233
29, 234
29, 235
29, 237
29, 238
29, 242
30, 31
30, 32
30, 33
30, 34
30, 35
30, 36
30, 37
30, 38
30, 39
30, 40
30, 41
30, 42
30, 43
30, 44
30, 45
30, 46
30, 47
30, 48
30, 49
30, 50
30, 51
30, 52
30, 53
30, 54
30, 55
30, 56
30, 57
30, 58
30, 59
30, 60
30, 61
30, 62
30, 63
30, 64
30, 65
30, 68
30, 70
30, 71
30, 72
30, 75
30, 76
30, 79
30, 80
30, 83
30, 84
30, 85
30, 86
30, 87
30, 89
30, 90
30, 94
30, 97
30, 100
30, 102
30, 108
30, 110
30, 113
30, 115
30, 116
30, 117
30, 118
30, 120
30, 121
30, 123
30, 129
30, 131
30, 132
30, 135
30, 141
30, 142
30, 143
30, 144
30, 145
30, 146
30, 148
30, 154
30, 155
30, 159
30, 160
30, 163
30, 168
30, 169
30, 174
30, 176
30, 185
30, 194
30, 195
30, 200
30, 201
30, 203
30, 204
30, 206
30, 211
30, 212
30, 213
30, 220
30, 221
30, 222
30, 223
30, 224
30, 227
30, 230
30, 232
30, 235
30, 236
30, 243
30, 245
31, 32
31, 33
31, 34
31, 35
31, 36
31, 37
31, 38
31, 39
31, 40
31, 41
31, 42
31, 43
31, 44
31, 45
31, 46
31, 47
31, 48
31, 49
31, 50
31, 51
31, 52
31, 53
31, 54
31, 55
31, 56
31, 57
31, 58
31, 59
31, 60
31, 61
31, 62
31, 63
31, 64
31, 65
31, 67
31, 69
31, 70
31, 71
31, 72
31, 73
31, 75
31, 77
31, 78
31, 79
31, 80
31, 82
31, 83
31, 84
31, 86
31, 89
31, 91
31, 96
31, 100
31, 101
31, 103
31, 105
31, 106
31, 108
31, 110
31, 112
31, 114
31, 115
31, 119
31, 122
31, 124
31, 127
31, 132
31, 133
31, 134
31, 135
31, 137
31, 140
31, 143
31, 144
31, 147
31, 150
31, 152
31, 153
31, 154
31, 157
31, 158
31, 161
31, 164
31, 166
31, 167
31, 170
31, 173
31, 175
31, 176
31, 177
31, 180
31, 181
31, 185
31, 187
31, 188
31, 189
31, 191
31, 194
31, 195
31, 197
31, 198
31, 200
31, 201
31, 203
31, 205
31, 206
31, 208
31, 209
31, 210
31, 212
31, 216
31, 223
31, 225
31, 226
31, 228
31, 229
31, 231
31, 233
31, 242
31, 243
31, 246
32, 33
32, 34
32, 35
32, 36
32, 37
32, 38
32, 39
32, 40
32, 41
32, 42
32, 43
32, 44
32, 45
32, 46
32, 47
32, 48
32, 49
32, 50
32, 51
32, 52
32, 53
32, 54
32, 55
32, 56
32, 57
32, 58
32, 59
32, 60
32, 61
32, 63
32, 64
32, 65
32, 66
32, 67
32, 68
32, 71
32, 72
32, 73
32, 74
32, 75
32, 77
32, 78
32, 79
32, 80
32, 81
32, 82
32, 83
32, 84
32, 86
32, 88
32, 89
32, 90
32, 91
32, 93
32, 94
32, 95
32, 99
32, 100
32, 101
32, 102
32, 106
32, 109
32, 112
32, 114
32, 115
32, 117
32, 118
32, 119
32, 120
32, 129
32, 130
32, 132
32, 134
32, 136
32, 144
32, 145
32, 146
32, 147
32, 149
32, 151
32, 155
32, 157
32, 158
32, 159
32, 162
32, 163
32, 169
32, 173
32, 174
32, 175
32, 177
32, 178
32, 180
32, 183
32, 187
32, 189
32, 192
32, 193
32, 195
32, 198
32, 199
32, 202
32, 203
32, 211
32, 218
32, 221
32, 222
32, 224
32, 225
32, 228
32, 233
32, 237
32, 241
32, 243
32, 245
32, 246
32, 247
32, 248
33, 34
33, 35
33, 36
33, 37
33, 38
33, 39
33, 40
33, 41
33, 42
33, 43
33, 44
33, 45
33, 46
33, 47
33, 48
33, 49
33, 50
33, 51
33, 52
33, 53
33, 54
33, 56
33, 57
33, 58
33, 59
33, 60
33, 61
33, 62
33, 63
33, 64
33, 65
33, 67
33, 68
33, 69
33, 71
33, 73
33, 74
33, 75
33, 77
33, 78
33, 79
33, 81
33, 82
33, 84
33, 85
33, 86
33, 87
33, 89
33, 90
33, 91
33, 92
33, 94
33, 95
33, 97
33, 100
33, 101
33, 102
33, 103
33, 105
33, 107
33, 108
33, 110
33, 111
33, 115
33, 118
33, 120
33, 122
33, 126
33, 127
33, 131
33, 132
33, 134
33, 135
33, 139
33, 140
33, 141
33, 142
33, 143
33, 144
33, 146
33, 150
33, 151
33, 154
33, 156
33, 157
33, 163
33, 168
33, 169
33, 170
33, 171
33, 176
33, 178
33, 179
33, 181
33, 182
33, 183
33, 184
33, 185
33, 187
33, 188
33, 189
33, 191
33, 193
33, 199
33, 201
33, 202
33, 203
33, 205
33, 206
33, 209
33, 214
33, 217
33, 218
33, 219
33, 221
33, 226
33, 229
33, 230
33, 232
33, 235
33, 240
33, 243
33, 244
33, 247
33, 248
34, 35
34, 36
34, 37
34, 38
34, 39
34, 40
34, 41
34, 42
34, 43
34, 44
34, 45
34, 46
34, 47
34, 48
34, 49
34, 50
34, 51
34, 53
34, 54
34, 55
34, 56
34, 58
34, 59
34, 60
34, 61
34, 65
34, 67
34, 70
34, 71
34, 72
34, 74
34, 77
34, 78
34, 79
34, 80
34, 81
34, 86
34, 87
34, 88
34, 89
34, 90
34, 91
34, 94
34, 97
34, 99
34, 101
34, 102
34, 107
34, 109
34, 110
34, 113
34, 119
34, 122
34, 125
34, 126
34, 127
34, 128
34, 131
34, 134
34, 136
34, 137
34, 138
34, 153
34, 155
34, 156
34, 160
34, 176
34, 179
34, 180
34, 182
34, 183
34, 185
34, 189
34, 191
34, 194
34, 195
34, 197
34, 198
34, 200
34, 201
34, 206
34, 207
34, 211
34, 212
34, 215
34, 220
34, 222
34, 224
34, 228
34, 233
34, 239
34, 242
34, 245
35, 36
35, 37
35, 38
35, 39
35, 40
35, 41
35, 42
35, 43
35, 44
35, 45
35, 46
35, 47
35, 48
35, 49
35, 50
35, 51
35, 52
35, 54
35, 55
35, 56
35, 57
35, 58
35, 60
35, 61
35, 62
35, 63
35, 65
35, 66
35, 68
35, 69
35, 70
35, 72
35, 73
35, 74
35, 75
35, 77
35, 79
35, 84
35, 86
35, 89
35, 91
35, 93
35, 94
35, 97
35, 103
35, 105
35, 108
35, 109
35, 110
35, 111
35, 112
35, 113
35, 114
35, 115
35, 117
35, 118
35, 119
35, 123
35, 124
35, 126
35, 131
35, 133
35, 136
35, 137
35, 138
35, 141
35, 150
35, 152
35, 156
35, 157
35, 161
35, 162
35, 168
35, 170
35, 171
35, 172
35, 176
35, 180
35, 181
35, 185
35, 188
35, 190
35, 192
35, 193
35, 194
35, 195
35, 197
35, 199
35, 202
35, 203
35, 208
35, 210
35, 212
35, 213
35, 215
35, 221
35, 224
35, 231
35, 232
35, 233
35, 236
35, 239
36, 37
36, 38
36, 39
36, 40
36, 41
36, 42
36, 43
36, 44
36, 45
36, 46
36, 47
36, 48
36, 49
36, 50
36, 51
36, 52
36, 53
36, 54
36, 55
36, 57
36, 58
36, 59
36, 60
36, 61
36, 62
36, 63
36, 64
36, 65
36, 66
36, 67
36, 68
36, 69
36, 70
36, 71
36, 74
36, 75
36, 76
36, 77
36, 79
36, 80
36, 81
36, 84
36, 85
36, 94
36, 95
36, 96
36, 98
36, 103
36, 104
36, 106
36, 108
36, 109
36, 110
36, 111
36, 113
36, 116
36, 118
36, 119
36, 122
36, 125
36, 128
36, 131
36, 135
36, 140
36, 143
36, 147
36, 152
36, 156
36, 157
36, 160
36, 164
36, 170
36, 173
36, 174
36, 175
36, 176
36, 180
36, 186
36, 190
36, 191
36, 192
36, 193
36, 196
36, 199
36, 201
36, 205
36, 207
36, 208
36, 218
36, 220
36, 222
36, 223
36, 225
36, 230
36, 231
36, 232
36, 233
36, 235
36, 239
36, 242
36, 245
36, 246
36, 248
37, 38
37, 39
37, 40
37, 41
37, 42
37, 43
37, 44
37, 45
37, 46
37, 47
37, 48
37, 49
37, 50
37, 51
37, 52
37, 53
37, 54
37, 55
37, 56
37, 57
37, 58
37, 59
37, 60
37, 61
37, 62
37, 64
37, 65
37, 67
37, 68
37, 69
37, 70
37, 72
37, 73
37, 75
37, 76
37, 78
37, 79
37, 81
37, 82
37, 85
37, 86
37, 87
37, 89
37, 93
37, 94
37, 95
37, 100
37, 101
37, 106
37, 107
37, 108
37, 110
37, 111
37, 113
37, 114
37, 115
37, 118
37, 121
37, 125
37, 130
37, 133
37, 135
37, 136
37, 144
37, 149
37, 156
37, 160
37, 161
37, 165
37, 167
37, 168
37, 171
37, 174
37, 176
37, 177
37, 180
37, 182
37, 185
37, 187
37, 188
37, 189
37, 194
37, 195
37, 197
37, 198
37, 199
37, 201
37, 203
37, 205
37, 208
37, 211
37, 216
37, 220
37, 221
37, 222
37, 223
37, 230
37, 231
37, 234
37, 236
37, 243
37, 245
37, 246
38, 39
38, 40
38, 41
38, 42
38, 43
38, 44
38, 45
38, 46
38, 47
38, 48
38, 49
38, 50
38, 51
38, 52
38, 53
38, 54
38, 55
38, 56
38, 57
38, 58
38, 59
38, 60
38, 61
38, 62
38, 63
38, 64
38, 65
38, 66
38, 67
38, 69
38, 70
38, 71
38, 74
38, 75
38, 76
38, 78
38, 80
38, 81
38, 83
38, 84
38, 87
38, 88
38, 92
38, 93
38, 96
38, 98
38, 100
38, 101
38, 103
38, 104
38, 105
38, 107
38, 110
38, 112
38, 115
38, 116
38, 121
38, 124
38, 125
38, 127
38, 134
38, 135
38, 136
38, 137
38, 139
38, 140
38, 141
38, 146
38, 147
38, 148
38, 149
38, 152
38, 154
38, 157
38, 158
38, 164
38, 165
38, 166
38, 168
38, 170
38, 171
38, 173
38, 174
38, 182
38, 183
38, 185
38, 186
38, 187
38, 192
38, 195
38, 197
38, 201
38, 202
38, 206
38, 207
38, 209
38, 210
38, 211
38, 215
38, 216
38, 219
38, 220
38, 223
38, 227
38, 228
38, 229
38, 233
38, 236
38, 241
38, 243
38, 246
38, 248
38, 249
39, 40
39, 41
39, 42
39, 43
39, 44
39, 45
39, 46
39, 47
39, 48
39, 49
39, 50
39, 51
39, 52
39, 53
39, 54
39, 55
39, 56
39, 57
39, 58
39, 59
39, 61
39, 62
39, 63
39, 64
39, 65
39, 66
39, 67
39, 68
39, 69
39, 70
39, 71
39, 72
39, 73
39, 74
39, 75
39, 76
39, 80
39, 81
39, 83
39, 85
39, 86
39, 87
39, 88
39, 89
39, 91
39, 92
39, 93
39, 95
39, 99
39, 100
39, 101
39, 103
39, 105
39, 106
39, 107
39, 108
39, 109
39, 110
39, 111
39, 112
39, 117
39, 118
39, 119
39, 120
39, 121
39, 122
39, 123
39, 125
39, 127
39, 129
39, 134
39, 135
39, 136
39, 137
39, 140
39, 141
39, 144
39, 145
39, 147
39, 148
39, 149
39, 152
39, 155
39, 156
39, 157
39, 158
39, 161
39, 163
39, 164
39, 166
39, 169
39, 170
39, 174
39, 177
39, 184
39, 195
39, 196
39, 197
39, 200
39, 201
39, 215
39, 216
39, 229
39, 232
39, 233
39, 235
39, 236
39, 237
39, 239
39, 244
40, 41
40, 42
40, 43
40, 44
40, 45
40, 46
40, 47
40, 48
40, 49
40, 50
40, 51
40, 52
40, 53
40, 54
40, 55
40, 56
40, 57
40, 58
40, 59
40, 60
40, 62
40, 63
40, 64
40, 65
40, 66
40, 67
40, 68
40, 69
40, 70
40, 71
40, 77
40, 78
40, 79
40, 81
40, 84
40, 86
40, 87
40, 88
40, 89
40, 90
40, 94
40, 95
40, 96
40, 99
40, 103
40, 105
40, 109
40, 113
40, 114
40, 115
40, 119
40, 120
40, 121
40, 122
40, 123
40, 124
40, 125
40, 126
40, 128
40, 131
40, 132
40, 134
40, 138
40, 139
40, 140
40, 142
40, 143
40, 144
40, 145
40, 146
40, 147
40, 148
40, 150
40, 151
40, 152
40, 153
40, 156
40, 157
40, 158
40, 160
40, 161
40, 162
40, 163
40, 165
40, 166
40, 167
40, 168
40, 172
40, 177
40, 178
40, 180
40, 181
40, 182
40, 188
40, 193
40, 194
40, 196
40, 198
40, 202
40, 213
40, 215
40, 216
40, 222
40, 226
40, 230
40, 231
40, 234
40, 238
40, 240
40, 242
40, 246
40, 249
41, 42
41, 43
41, 44
41, 45
41, 46
41, 47
41, 48
41, 49
41, 50
41, 51
41, 52
41, 53
41, 54
41, 55
41, 56
41, 57
41, 59
41, 61
41, 62
41, 63
41, 64
41, 66
41, 67
41, 68
41, 69
41, 71
41, 72
41, 73
41, 74
41, 75
41, 76
41, 78
41, 79
41, 82
41, 83
41, 88
41, 90
41, 93
41, 94
41, 97
41, 103
41, 105
41, 107
41, 109
41, 112
41, 113
41, 114
41, 116
41, 117
41, 121
41, 123
41, 124
41, 127
41, 129
41, 130
41, 133
41, 136
41, 137
41, 139
41, 140
41, 144
41, 146
41, 148
41, 149
41, 150
41, 154
41, 159
41, 161
41, 162
41, 168
41, 169
41, 170
41, 171
41, 173
41, 174
41, 175
41, 176
41, 178
41, 179
41, 184
41, 186
41, 190
41, 191
41, 194
41, 195
41, 197
41, 202
41, 206
41, 209
41, 217
41, 220
41, 222
41, 223
41, 225
41, 227
41, 229
41, 230
41, 234
41, 236
41, 238
41, 243
41, 246
41, 247
41, 249
42, 43
42, 44
42, 45
42, 46
42, 47
42, 48
42, 49
42, 50
42, 51
42, 52
42, 53
42, 54
42, 55
42, 56
42, 57
42, 58
42, 60
42, 61
42, 63
42, 65
42, 66
42, 67
42, 68
42, 69
42, 70
42, 71
42, 72
42, 73
42, 74
42, 75
42, 76
42, 77
42, 79
42, 80
42, 83
42, 86
42, 87
42, 88
42, 89
42, 92
42, 93
42, 97
42, 98
42, 99
42, 100
42, 101
42, 102
42, 104
42, 106
42, 109
42, 110
42, 114
42, 116
42, 119
42, 120
42, 121
42, 122
42, 124
42, 125
42, 126
42, 127
42, 128
42, 129
42, 135
42, 136
42, 138
42, 140
42, 142
42, 144
42, 145
42, 147
42, 150
42, 154
42, 155
42, 157
42, 161
42, 165
42, 166
42, 168
42, 170
42, 172
42, 173
42, 176
42, 177
42, 178
42, 179
42, 183
42, 191
42, 192
42, 193
42, 196
42, 198
42, 199
42, 200
42, 204
42, 207
42, 209
42, 211
42, 214
42, 222
42, 224
42, 225
42, 229
42, 232
42, 235
42, 238
42, 242
42, 244
42, 247
42, 248
43, 44
43, 45
43, 46
43, 47
43, 48
43, 49
43, 50
43, 51
43, 52
43, 53
43, 54
43, 55
43, 56
43, 57
43, 58
43, 59
43, 60
43, 61
43, 62
43, 63
43, 64
43, 65
43, 68
43, 69
43, 70
43, 71
43, 72
43, 73
43, 75
43, 77
43, 78
43, 80
43, 81
43, 82
43, 84
43, 85
43, 89
43, 90
43, 94
43, 96
43, 97
43, 99
43, 100
43, 103
43, 104
43, 105
43, 109
43, 116
43, 118
43, 120
43, 122
43, 124
43, 128
43, 132
43, 137
43, 138
43, 139
43, 140
43, 141
43, 142
43, 146
43, 149
43, 151
43, 152
43, 153
43, 156
43, 158
43, 162
43, 163
43, 165
43, 166
43, 167
43, 171
43, 172
43, 173
43, 174
43, 175
43, 178
43, 179
43, 182
43, 184
43, 186
43, 188
43, 192
43, 196
43, 198
43, 200
43, 202
43, 205
43, 207
43, 217
43, 222
43, 229
43, 232
43, 234
43, 237
43, 238
43, 240
43, 241
43, 242
43, 246
43, 247
43, 248
44, 45
44, 46
44, 47
44, 48
44, 49
44, 50
44, 51
44, 52
44, 55
44, 56
44, 57
44, 58
44, 59
44, 60
44, 61
44, 62
44, 63
44, 64
44, 65
44, 66
44, 67
44, 68
44, 69
44, 70
44, 72
44, 74
44, 75
44, 76
44, 77
44, 78
44, 79
44, 84
44, 87
44, 88
44, 91
44, 92
44, 93
44, 94
44, 95
44, 97
44, 98
44, 99
44, 100
44, 104
44, 108
44, 109
44, 110
44, 111
44, 112
44, 115
44, 116
44, 117
44, 118
44, 119
44, 121
44, 122
44, 125
44, 128
44, 129
44, 130
44, 131
44, 136
44, 137
44, 138
44, 141
44, 144
44, 146
44, 147
44, 151
44, 154
44, 156
44, 159
44, 165
44, 166
44, 168
44, 172
44, 175
44, 178
44, 180
44, 181
44, 182
44, 186
44, 188
44, 189
44, 190
44, 194
44, 195
44, 200
44, 201
44, 202
44, 203
44, 206
44, 209
44, 215
44, 218
44, 220
44, 221
44, 225
44, 226
44, 230
44, 232
44, 235
44, 236
44, 238
44, 243
44, 245
44, 247
45, 46
45, 47
45, 48
45, 49
45, 50
45, 51
45, 52
45, 53
45, 54
45, 55
45, 56
45, 57
45, 58
45, 59
45, 60
45, 62
45, 63
45, 64
45, 66
45, 67
45, 68
45, 69
45, 70
45, 71
45, 72
45, 73
45, 76
45, 77
45, 78
45, 79
45, 81
45, 82
45, 84
45, 87
45, 88
45, 89
45, 90
45, 92
45, 93
45, 97
45, 98
45, 101
45, 102
45, 103
45, 104
45, 105
45, 109
45, 110
45, 112
45, 113
45, 116
45, 117
45, 118
45, 123
45, 125
45, 126
45, 130
45, 131
45, 133
45, 134
45, 135
45, 138
45, 140
45, 141
45, 142
45, 143
45, 145
45, 149
45, 150
45, 151
45, 156
45, 182
45, 186
45, 187
45, 188
45, 190
45, 194
45, 197
45, 198
45, 204
45, 206
45, 210
45, 211
45, 213
45, 214
45, 217
45, 218
45, 223
45, 227
45, 233
45, 236
45, 243
45, 246
45, 248
45, 249
46, 47
46, 48
46, 49
46, 50
46, 51
46, 52
46, 53
46, 54
46, 55
46, 56
46, 57
46, 58
46, 59
46, 60
46, 61
46, 63
46, 64
46, 65
46, 66
46, 67
46, 68
46, 69
46, 71
46, 72
46, 73
46, 74
46, 77
46, 78
46, 79
46, 82
46, 84
46, 85
46, 86
46, 87
46, 90
46, 91
46, 93
46, 94
46, 96
46, 97
46, 98
46, 99
46, 100
46, 101
46, 102
46, 103
46, 104
46, 106
46, 107
46, 108
46, 109
46, 115
46, 120
46, 124
46, 129
46, 132
46, 136
46, 137
46, 139
46, 140
46, 141
46, 142
46, 143
46, 146
46, 151
46, 154
46, 156
46, 157
46, 161
46, 163
46, 165
46, 166
46, 172
46, 175
46, 180
46, 188
46, 189
46, 191
46, 198
46, 200
46, 201
46, 206
46, 209
46, 210
46, 211
46, 212
46, 213
46, 214
46, 220
46, 223
46, 224
46, 225
46, 226
46, 230
46, 231
46, 235
46, 236
46, 239
46, 243
46, 244
46, 245
46, 246
46, 247
47, 48
47, 49
47, 50
47, 51
47, 52
47, 53
47, 54
47, 55
47, 56
47, 57
47, 58
47, 59
47, 60
47, 64
47, 66
47, 67
47, 68
47, 69
47, 71
47, 73
47, 74
47, 76
47, 77
47, 80
47, 81
47, 82
47, 83
47, 84
47, 85
47, 87
47, 89
47, 91
47, 92
47, 93
47, 97
47, 98
47, 99
47, 100
47, 102
47, 105
47, 106
47, 111
47, 113
47, 114
47, 119
47, 120
47, 125
47, 126
47, 130
47, 132
47, 133
47, 138
47, 139
47, 142
47, 145
47, 150
47, 151
47, 156
47, 157
47, 158
47, 161
47, 163
47, 171
47, 174
47, 175
47, 180
47, 181
47, 184
47, 186
47, 187
47, 189
47, 190
47, 193
47, 197
47, 198
47, 223
47, 224
47, 232
47, 236
47, 238
47, 242
47, 245
48, 49
48, 50
48, 51
48, 52
48, 53
48, 55
48, 56
48, 57
48, 58
48, 59
48, 60
48, 62
48, 64
48, 65
48, 66
48, 67
48, 68
48, 69
48, 73
48, 74
48, 75
48, 76
48, 78
48, 79
48, 83
48, 86
48, 88
48, 89
48, 90
48, 92
48, 93
48, 96
48, 97
48, 104
48, 106
48, 108
48, 109
48, 112
48, 113
48, 115
48, 116
48, 117
48, 123
48, 126
48, 127
48, 131
48, 133
48, 136
48, 137
48, 142
48, 145
48, 146
48, 147
48, 148
48, 151
48, 153
48, 154
48, 155
48, 159
48, 164
48, 165
48, 166
48, 168
48, 170
48, 177
48, 178
48, 180
48, 181
48, 182
48, 184
48, 185
48, 187
48, 194
48, 198
48, 199
48, 201
48, 209
48, 210
48, 215
48, 216
48, 217
48, 220
48, 223
48, 224
48, 226
48, 228
48, 233
48, 236
48, 238
48, 240
48, 241
48, 246
49, 50
49, 51
49, 52
49, 53
49, 54
49, 55
49, 56
49, 57
49, 59
49, 60
49, 61
49, 62
49, 63
49, 64
49, 65
49, 66
49, 67
49, 68
49, 69
49, 70
49, 71
49, 72
49, 73
49, 74
49, 76
49, 77
49, 78
49, 80
49, 81
49, 85
49, 86
49, 87
49, 88
49, 90
49, 91
49, 92
49, 95
49, 96
49, 97
49, 100
49, 101
49, 105
49, 108
49, 109
49, 111
49, 112
49, 115
49, 116
49, 120
49, 122
49, 127
49, 133
49, 138
49, 139
49, 143
49, 146
49, 147
49, 148
49, 151
49, 153
49, 156
49, 159
49, 164
49, 167
49, 169
49, 170
49, 173
49, 175
49, 181
49, 182
49, 187
49, 189
49, 191
49, 192
49, 196
49, 197
49, 203
49, 207
49, 208
49, 212
49, 214
49, 218
49, 219
49, 221
49, 222
49, 223
49, 225
49, 226
49, 227
49, 231
49, 234
49, 236
49, 238
49, 239
49, 240
49, 241
49, 245
49, 247
49, 248
50, 51
50, 52
50, 53
50, 54
50, 55
50, 56
50, 57
50, 60
50, 61
50, 62
50, 65
50, 66
50, 68
50, 71
50, 72
50, 73
50, 74
50, 75
50, 76
50, 77
50, 80
50, 81
50, 82
50, 83
50, 84
50, 85
50, 88
50, 89
50, 90
50, 93
50, 94
50, 95
50, 97
50, 102
50, 104
50, 105
50, 106
50, 107
50, 111
50, 112
50, 113
50, 114
50, 116
50, 117
50, 119
50, 120
50, 123
50, 124
50, 125
50, 127
50, 133
50, 134
50, 135
50, 136
50, 139
50, 144
50, 145
50, 146
50, 148
50, 150
50, 151
50, 158
50, 161
50, 162
50, 165
50, 166
50, 171
50, 172
50, 173
50, 174
50, 176
50, 177
50, 183
50, 185
50, 191
50, 192
50, 193
50, 200
50, 202
50, 203
50, 208
50, 209
50, 216
50, 218
50, 219
50, 220
50, 225
50, 226
50, 227
50, 228
50, 230
50, 234
50, 235
50, 243
50, 244
50, 245
50, 246
50, 247
50, 249
51, 52
51, 53
51, 54
51, 55
51, 56
51, 57
51, 58
51, 59
51, 60
51, 61
51, 62
51, 63
51, 64
51, 66
51, 70
51, 71
51, 72
51, 73
51, 74
51, 75
51, 76
51, 78
51, 79
51, 81
51, 83
51, 84
51, 86
51, 87
51, 92
51, 94
51, 98
51, 99
51, 103
51, 106
51, 110
51, 112
51, 120
51, 121
51, 123
51, 124
51, 126
51, 130
51, 136
51, 139
51, 142
51, 143
51, 144
51, 145
51, 147
51, 149
51, 151
51, 154
51, 155
51, 156
51, 159
51, 161
51, 163
51, 165
51, 169
51, 171
51, 178
51, 182
51, 184
51, 187
51, 189
51, 193
51, 194
51, 199
51, 206
51, 207
51, 210
51, 218
51, 226
51, 229
51, 232
51, 234
51, 235
51, 241
51, 242
51, 247
52, 53
52, 54
52, 55
52, 57
52, 58
52, 59
52, 60
52, 61
52, 63
52, 64
52, 65
52, 66
52, 67
52, 68
52, 69
52, 70
52, 71
52, 72
52, 73
52, 75
52, 82
52, 84
52, 85
52, 86
52, 88
52, 89
52, 90
52, 95
52, 97
52, 98
52, 100
52, 101
52, 105
52, 108
52, 109
52, 111
52, 112
52, 113
52, 116
52, 118
52, 119
52, 120
52, 122
52, 127
52, 128
52, 132
52, 134
52, 138
52, 139
52, 142
52, 145
52, 150
52, 160
52, 165
52, 169
52, 176
52, 178
52, 180
52, 184
52, 185
52, 186
52, 188
52, 189
52, 190
52, 191
52, 193
52, 194
52, 195
52, 198
52, 199
52, 200
52, 201
52, 202
52, 205
52, 207
52, 210
52, 212
52, 214
52, 219
52, 223
52, 224
52, 228
52, 231
52, 234
52, 236
52, 237
52, 238
52, 241
52, 246
52, 249
53, 54
53, 55
53, 58
53, 59
53, 60
53, 62
53, 63
53, 65
53, 66
53, 68
53, 69
53, 70
53, 71
53, 72
53, 74
53, 75
53, 76
53, 78
53, 79
53, 80
53, 81
53, 83
53, 84
53, 85
53, 86
53, 88
53, 89
53, 90
53, 91
53, 92
53, 93
53, 96
53, 97
53, 98
53, 99
53, 100
53, 101
53, 102
53, 103
53, 106
53, 107
53, 108
53, 109
53, 111
53, 114
53, 117
53, 118
53, 122
53, 124
53, 126
53, 127
53, 130
53, 131
53, 133
53, 136
53, 139
53, 141
53, 142
53, 143
53, 147
53, 148
53, 150
53, 151
53, 153
53, 154
53, 155
53, 157
53, 159
53, 160
53, 161
53, 162
53, 163
53, 164
53, 166
53, 170
53, 171
53, 177
53, 182
53, 183
53, 186
53, 192
53, 194
53, 196
53, 198
53, 199
53, 201
53, 203
53, 204
53, 218
53, 219
53, 222
53, 227
53, 234
53, 237
53, 242
53, 244
53, 246
54, 55
54, 56
54, 57
54, 58
54, 61
54, 62
54, 63
54, 64
54, 65
54, 68
54, 71
54, 73
54, 74
54, 75
54, 76
54, 81
54, 82
54, 86
54, 87
54, 91
54, 92
54, 94
54, 95
54, 96
54, 103
54, 104
54, 106
54, 108
54, 109
54, 112
54, 115
54, 122
54, 126
54, 129
54, 130
54, 134
54, 136
54, 137
54, 138
54, 140
54, 142
54, 143
54, 146
54, 148
54, 152
54, 153
54, 154
54, 156
54, 158
54, 163
54, 173
54, 174
54, 178
54, 181
54, 182
54, 183
54, 185
54, 190
54, 193
54, 197
54, 198
54, 199
54, 203
54, 204
54, 205
54, 206
54, 208
54, 214
54, 221
54, 233
54, 236
54, 237
54, 238
54, 241
54, 243
54, 244
54, 245
55, 56
55, 57
55, 58
55, 59
55, 62
55, 63
55, 64
55, 65
55, 66
55, 67
55, 68
55, 69
55, 70
55, 71
55, 72
55, 74
55, 75
55, 76
55, 77
55, 78
55, 80
55, 81
55, 85
55, 86
55, 87
55, 89
55, 90
55, 92
55, 93
55, 94
55, 95
55, 96
55, 97
55, 98
55, 99
55, 100
55, 101
55, 103
55, 104
55, 106
55, 107
55, 111
55, 113
55, 115
55, 116
55, 117
55, 118
55, 122
55, 126
55, 127
55, 130
55, 131
55, 132
55, 133
55, 134
55, 136
55, 137
55, 139
55, 140
55, 143
55, 146
55, 148
55, 150
55, 154
55, 157
55, 160
55, 162
55, 168
55, 172
55, 175
55, 176
55, 178
55, 179
55, 180
55, 187
55, 189
55, 191
55, 195
55, 200
55, 204
55, 205
55, 207
55, 209
55, 210
55, 211
55, 214
55, 221
55, 222
55, 226
55, 228
55, 230
55, 233
55, 234
55, 238
55, 240
55, 241
55, 246
55, 247
55, 248
55, 249
56, 57
56, 58
56, 59
56, 61
56, 62
56, 63
56, 64
56, 66
56, 67
56, 68
56, 70
56, 72
56, 73
56, 75
56, 76
56, 78
56, 79
56, 80
56, 81
56, 82
56, 83
56, 84
56, 86
56, 87
56, 88
56, 89
56, 90
56, 96
56, 100
56, 102
56, 107
56, 114
56, 116
56, 118
56, 120
56, 124
56, 125
56, 126
56, 127
56, 129
56, 130
56, 131
56, 132
56, 133
56, 135
56, 136
56, 138
56, 139
56, 141
56, 142
56, 143
56, 144
56, 145
56, 149
56, 151
56, 155
56, 159
56, 161
56, 162
56, 165
56, 166
56, 169
56, 172
56, 174
56, 182
56, 184
56, 185
56, 187
56, 190
56, 191
56, 196
56, 198
56, 202
56, 203
56, 208
56, 209
56, 210
56, 211
56, 212
56, 214
56, 221
56, 225
56, 227
56, 234
56, 236
56, 241
56, 244
56, 246
56, 248
57, 59
57, 60
57, 61
57, 62
57, 64
57, 65
57, 66
57, 67
57, 68
57, 69
57, 70
57, 72
57, 73
57, 75
57, 77
57, 79
57, 80
57, 81
57, 82
57, 84
57, 85
57, 87
57, 90
57, 91
57, 92
57, 93
57, 94
57, 97
57, 98
57, 100
57, 101
57, 103
57, 104
57, 105
57, 107
57, 110
57, 111
57, 112
57, 114
57, 116
57, 120
57, 122
57, 127
57, 130
57, 133
57, 134
57, 135
57, 139
57, 144
57, 147
57, 151
57, 154
57, 155
57, 156
57, 158
57, 160
57, 161
57, 163
57, 165
57, 169
57, 173
57, 175
57, 177
57, 183
57, 188
57, 189
57, 192
57, 195
57, 199
57, 200
57, 202
57, 206
57, 207
57, 212
57, 214
57, 215
57, 216
57, 222
57, 230
57, 231
57, 233
57, 236
57, 238
57, 240
57, 243
57, 244
58, 60
58, 61
58, 63
58, 64
58, 65
58, 66
58, 70
58, 71
58, 73
58, 74
58, 75
58, 76
58, 77
58, 78
58, 79
58, 80
58, 82
58, 83
58, 84
58, 85
58, 89
58, 90
58, 92
58, 93
58, 96
58, 97
58, 98
58, 100
58, 101
58, 104
58, 106
58, 108
58, 111
58, 112
58, 115
58, 119
58, 123
58, 126
58, 127
58, 129
58, 133
58, 136
58, 137
58, 139
58, 140
58, 141
58, 146
58, 148
58, 149
58, 150
58, 153
58, 154
58, 157
58, 159
58, 162
58, 163
58, 164
58, 167
58, 173
58, 174
58, 175
58, 176
58, 185
58, 188
58, 189
58, 190
58, 192
58, 197
58, 198
58, 200
58, 203
58, 213
58, 214
58, 216
58, 218
58, 219
58, 221
58, 224
58, 225
58, 244
58, 247
58, 248
59, 61
59, 63
59, 64
59, 65
59, 67
59, 68
59, 69
59, 70
59, 72
59, 73
59, 74
59, 75
59, 76
59, 80
59, 81
59, 82
59, 83
59, 85
59, 86
59, 87
59, 88
59, 93
59, 95
59, 96
59, 97
59, 98
59, 99
59, 100
59, 101
59, 102
59, 103
59, 104
59, 105
59, 106
59, 107
59, 108
59, 111
59, 118
59, 120
59, 121
59, 130
59, 132
59, 133
59, 134
59, 135
59, 137
59, 138
59, 139
59, 141
59, 143
59, 144
59, 153
59, 154
59, 155
59, 158
59, 159
59, 162
59, 164
59, 165
59, 167
59, 168
59, 170
59, 171
59, 173
59, 174
59, 175
59, 176
59, 177
59, 180
59, 183
59, 184
59, 186
59, 189
59, 190
59, 192
59, 202
59, 204
59, 207
59, 208
59, 209
59, 216
59, 223
59, 224
59, 225
59, 226
59, 227
59, 229
59, 232
59, 241
59, 248
60, 62
60, 63
60, 65
60, 67
60, 68
60, 69
60, 70
60, 72
60, 73
60, 74
60, 76
60, 77
60, 78
60, 79
60, 81
60, 82
60, 83
60, 85
60, 86
60, 88
60, 90
60, 93
60, 95
60, 96
60, 97
60, 101
60, 103
60, 107
60, 108
60, 111
60, 114
60, 118
60, 120
60, 121
60, 122
60, 123
60, 124
60, 125
60, 131
60, 133
60, 135
60, 137
60, 138
60, 143
60, 145
60, 147
60, 150
60, 152
60, 156
60, 160
60, 162
60, 164
60, 167
60, 176
60, 177
60, 179
60, 181
60, 182
60, 184
60, 186
60, 199
60, 203
60, 204
60, 205
60, 214
60, 216
60, 218
60, 221
60, 222
60, 225
60, 226
60, 234
60, 235
60, 241
60, 242
61, 62
61, 63
61, 64
61, 66
61, 70
61, 72
61, 74
61, 77
61, 78
61, 79
61, 82
61, 83
61, 86
61, 87
61, 88
61, 90
61, 91
61, 92
61, 93
61, 94
61, 95
61, 96
61, 98
61, 100
61, 103
61, 104
61, 107
61, 109
61, 113
61, 116
61, 117
61, 119
61, 120
61, 121
61, 122
61, 126
61, 129
61, 130
61, 132
61, 133
61, 135
61, 137
61, 139
61, 141
61, 145
61, 148
61, 151
61, 152
61, 153
61, 156
61, 157
61, 158
61, 160
61, 162
61, 165
61, 168
61, 170
61, 173
61, 178
61, 179
61, 182
61, 187
61, 191
61, 195
61, 196
61, 198
61, 203
61, 206
61, 207
61, 209
61, 210
61, 211
61, 212
61, 213
61, 214
61, 215
61, 218
61, 219
61, 221
61, 224
61, 225
61, 233
61, 236
61, 239
61, 241
61, 244
61, 245
62, 63
62, 64
62, 66
62, 67
62, 68
62, 69
62, 72
62, 73
62, 74
62, 75
62, 77
62, 79
62, 82
62, 83
62, 84
62, 85
62, 86
62, 88
62, 89
62, 90
62, 92
62, 95
62, 97
62, 98
62, 99
62, 100
62, 104
62, 107
62, 108
62, 109
62, 111
62, 112
62, 113
62, 114
62, 116
62, 118
62, 121
62, 123
62, 124
62, 125
62, 126
62, 128
62, 129
62, 132
62, 134
62, 135
62, 144
62, 152
62, 155
62, 165
62, 172
62, 183
62, 184
62, 186
62, 187
62, 190
62, 192
62, 193
62, 196
62, 199
62, 212
62, 214
62, 215
62, 217
62, 218
62, 223
62, 224
62, 225
62, 229
62, 230
62, 236
62, 244
62, 246
63, 64
63, 65
63, 68
63, 69
63, 71
63, 72
63, 73
63, 75
63, 76
63, 77
63, 80
63, 81
63, 82
63, 84
63, 85
63, 87
63, 88
63, 89
63, 91
63, 93
63, 94
63, 95
63, 101
63, 103
63, 104
63, 107
63, 110
63, 114
63, 118
63, 119
63, 120
63, 124
63, 126
63, 128
63, 139
63, 140
63, 143
63, 144
63, 145
63, 146
63, 147
63, 148
63, 149
63, 150
63, 151
63, 159
63, 160
63, 162
63, 166
63, 171
63, 175
63, 178
63, 181
63, 184
63, 188
63, 196
63, 201
63, 205
63, 211
63, 213
63, 217
63, 220
63, 226
63, 228
63, 230
63, 232
63, 233
63, 234
63, 236
63, 238
63, 239
63, 244
63, 245
63, 247
63, 248
63, 249
64, 65
64, 66
64, 67
64, 68
64, 69
64, 70
64, 71
64, 72
64, 75
64, 76
64, 77
64, 78
64, 80
64, 81
64, 87
64, 91
64, 96
64, 97
64, 98
64, 99
64, 101
64, 105
64, 106
64, 107
64, 108
64, 111
64, 112
64, 113
64, 115
64, 117
64, 118
64, 126
64, 127
64, 130
64, 135
64, 136
64, 138
64, 140
64, 142
64, 145
64, 147
64, 149
64, 165
64, 166
64, 170
64, 173
64, 177
64, 178
64, 179
64, 187
64, 192
64, 195
64, 202
64, 212
64, 218
64, 219
64, 221
64, 224
64, 228
64, 234
64, 237
64, 242
64, 247
64, 249
65, 66
65, 67
65, 68
65, 69
65, 71
65, 72
65, 77
65, 78
65, 80
65, 81
65, 83
65, 86
65, 88
65, 90
65, 91
65, 92
65, 98
65, 101
65, 102
65, 103
65, 105
65, 107
65, 110
65, 111
65, 112
65, 114
65, 125
65, 126
65, 128
65, 129
65, 130
65, 131
65, 134
65, 135
65, 136
65, 138
65, 141
65, 144
65, 147
65, 148
65, 151
65, 152
65, 157
65, 160
65, 163
65, 164
65, 168
65, 170
65, 172
65, 191
65, 193
65, 204
65, 206
65, 207
65, 211
65, 212
65, 214
65, 216
65, 223
65, 228
65, 232
65, 238
65, 246
65, 248
66, 68
66, 69
66, 70
66, 72
66, 74
66, 76
66, 78
66, 79
66, 80
66, 82
66, 84
66, 85
66, 90
66, 92
66, 101
66, 103
66, 106
66, 107
66, 112
66, 117
66, 119
66, 122
66, 124
66, 125
66, 129
66, 130
66, 131
66, 133
66, 134
66, 138
66, 144
66, 149
66, 151
66, 152
66, 160
66, 166
66, 169
66, 174
66, 175
66, 176
66, 180
66, 186
66, 189
66, 191
66, 192
66, 195
66, 196
66, 197
66, 199
66, 200
66, 204
66, 207
66, 215
66, 216
66, 218
66, 221
66, 222
66, 224
66, 226
66, 236
66, 238
66, 239
67, 68
67, 70
67, 71
67, 73
67, 74
67, 75
67, 76
67, 77
67, 78
67, 79
67, 80
67, 82
67, 83
67, 85
67, 86
67, 88
67, 89
67, 90
67, 91
67, 92
67, 93
67, 97
67, 104
67, 106
67, 108
67, 109
67, 112
67, 113
67, 116
67, 120
67, 122
67, 123
67, 124
67, 125
67, 126
67, 127
67, 131
67, 132
67, 133
67, 134
67, 135
67, 138
67, 139
67, 141
67, 143
67, 146
67, 147
67, 154
67, 156
67, 163
67, 167
67, 171
67, 176
67, 179
67, 185
67, 191
67, 192
67, 194
67, 202
67, 205
67, 206
67, 207
67, 209
67, 210
67, 218
67, 220
67, 229
67, 238
67, 239
67, 241
67, 242
67, 249
68, 70
68, 74
68, 75
68, 78
68, 79
68, 80
68, 83
68, 84
68, 87
68, 88
68, 89
68, 90
68, 91
68, 92
68, 93
68, 94
68, 95
68, 97
68, 98
68, 99
68, 102
68, 103
68, 104
68, 106
68, 107
68, 110
68, 115
68, 116
68, 118
68, 119
68, 120
68, 121
68, 122
68, 130
68, 132
68, 133
68, 134
68, 136
68, 140
68, 142
68, 143
68, 145
68, 146
68, 147
68, 148
68, 149
68, 150
68, 154
68, 155
68, 157
68, 162
68, 168
68, 169
68, 170
68, 172
68, 173
68, 175
68, 177
68, 180
68, 188
68, 192
68, 195
68, 196
68, 198
68, 199
68, 201
68, 202
68, 203
68, 208
68, 209
68, 210
68, 211
68, 218
68, 220
68, 222
68, 224
68, 225
68, 229
68, 241
68, 242
69, 70
69, 73
69, 74
69, 75
69, 76
69, 77
69, 78
69, 79
69, 80
69, 82
69, 83
69, 84
69, 85
69, 89
69, 90
69, 92
69, 93
69, 94
69, 96
69, 97
69, 98
69, 101
69, 102
69, 106
69, 109
69, 111
69, 112
69, 113
69, 114
69, 115
69, 116
69, 119
69, 123
69, 124
69, 126
69, 129
69, 131
69, 132
69, 136
69, 137
69, 139
69, 143
69, 146
69, 147
69, 151
69, 152
69, 153
69, 155
69, 156
69, 157
69, 161
69, 162
69, 168
69, 169
69, 173
69, 178
69, 183
69, 184
69, 185
69, 186
69, 190
69, 192
69, 201
69, 209
69, 210
69, 211
69, 213
69, 214
69, 216
69, 218
69, 220
69, 222
69, 225
69, 227
69, 233
69, 237
69, 240
69, 241
69, 242
69, 243
70, 71
70, 72
70, 73
70, 75
70, 77
70, 80
70, 81
70, 86
70, 87
70, 89
70, 90
70, 95
70, 96
70, 100
70, 102
70, 104
70, 108
70, 109
70, 111
70, 112
70, 113
70, 114
70, 115
70, 125
70, 126
70, 128
70, 129
70, 131
70, 136
70, 137
70, 140
70, 141
70, 145
70, 147
70, 149
70, 150
70, 154
70, 156
70, 158
70, 160
70, 164
70, 174
70, 177
70, 180
70, 183
70, 184
70, 186
70, 196
70, 197
70, 201
70, 207
70, 211
70, 214
70, 219
70, 227
70, 228
70, 234
70, 236
70, 239
70, 242
70, 243
70, 246
71, 72
71, 73
71, 74
71, 76
71, 77
71, 78
71, 79
71, 80
71, 86
71, 87
71, 89
71, 90
71, 91
71, 93
71, 94
71, 95
71, 99
71, 101
71, 102
71, 103
71, 104
71, 105
71, 106
71, 108
71, 110
71, 111
71, 113
71, 117
71, 118
71, 119
71, 124
71, 127
71, 128
71, 129
71, 133
71, 134
71, 138
71, 139
71, 140
71, 150
71, 151
71, 152
71, 153
71, 156
71, 157
71, 161
71, 162
71, 166
71, 168
71, 174
71, 175
71, 177
71, 180
71, 182
71, 189
71, 190
71, 191
71, 193
71, 197
71, 202
71, 209
71, 212
71, 215
71, 216
71, 218
71, 220
71, 221
71, 222
71, 226
71, 228
71, 231
71, 234
71, 236
71, 238
72, 83
72, 85
72, 86
72, 87
72, 88
72, 89
72, 90
72, 94
72, 95
72, 96
72, 98
72, 102
72, 104
72, 106
72, 111
72, 115
72, 116
72, 118
72, 123
72, 127
72, 132
72, 135
72, 137
72, 138
72, 140
72, 144
72, 148
72, 155
72, 157
72, 160
72, 161
72, 164
72, 168
72, 181
72, 184
72, 185
72, 188
72, 190
72, 192
72, 193
72, 196
72, 197
72, 202
72, 205
72, 209
72, 210
72, 213
72, 215
72, 216
72, 218
72, 229
72, 234
72, 243
72, 248
73, 74
73, 76
73, 78
73, 79
73, 80
73, 81
73, 82
73, 84
73, 85
73, 94
73, 96
73, 99
73, 100
73, 102
73, 103
73, 108
73, 111
73, 112
73, 117
73, 118
73, 119
73, 120
73, 121
73, 128
73, 132
73, 134
73, 135
73, 136
73, 138
73, 139
73, 140
73, 141
73, 142
73, 143
73, 151
73, 152
73, 153
73, 158
73, 163
73, 169
73, 170
73, 175
73, 177
73, 181
73, 184
73, 186
73, 192
73, 193
73, 197
73, 204
73, 206
73, 209
73, 216
73, 218
73, 220
73, 223
73, 224
73, 232
73, 245
73, 246
74, 75
74, 77
74, 78
74, 80
74, 83
74, 86
74, 87
74, 88
74, 90
74, 93
74, 94
74, 95
74, 96
74, 98
74, 99
74, 105
74, 107
74, 108
74, 109
74, 111
74, 117
74, 118
74, 120
74, 126
74, 127
74, 128
74, 129
74, 132
74, 134
74, 136
74, 137
74, 138
74, 139
74, 141
74, 145
74, 150
74, 151
74, 152
74, 160
74, 163
74, 167
74, 168
74, 170
74, 171
74, 172
74, 174
74, 178
74, 181
74, 184
74, 188
74, 191
74, 192
74, 197
74, 200
74, 203
74, 208
74, 209
74, 212
74, 215
74, 222
74, 227
74, 228
74, 231
74, 235
74, 241
74, 247
75, 86
75, 87
75, 88
75, 89
75, 91
75, 93
75, 96
75, 97
75, 99
75, 101
75, 102
75, 104
75, 105
75, 106
75, 109
75, 110
75, 111
75, 112
75, 118
75, 123
75, 125
75, 138
75, 141
75, 143
75, 145
75, 155
75, 159
75, 161
75, 162
75, 166
75, 171
75, 172
75, 174
75, 176
75, 181
75, 182
75, 194
75, 201
75, 205
75, 207
75, 208
75, 210
75, 215
75, 220
75, 227
75, 228
75, 237
75, 239
75, 240
75, 243
75, 249
76, 79
76, 82
76, 83
76, 84
76, 85
76, 88
76, 92
76, 93
76, 94
76, 95
76, 96
76, 98
76, 99
76, 100
76, 102
76, 104
76, 105
76, 106
76, 107
76, 109
76, 113
76, 114
76, 115
76, 116
76, 119
76, 120
76, 121
76, 124
76, 126
76, 129
76, 130
76, 131
76, 133
76, 134
76, 138
76, 139
76, 143
76, 147
76, 148
76, 149
76, 151
76, 153
76, 154
76, 160
76, 168
76, 169
76, 170
76, 179
76, 181
76, 183
76, 190
76, 193
76, 195
76, 199
76, 200
76, 202
76, 206
76, 210
76, 211
76, 214
76, 224
76, 227
76, 228
76, 229
76, 238
76, 242
76, 245
76, 249
77, 78
77, 80
77, 81
77, 82
77, 85
77, 89
77, 92
77, 94
77, 95
77, 101
77, 105
77, 107
77, 108
77, 111
77, 114
77, 116
77, 129
77, 140
77, 141
77, 144
77, 145
77, 151
77, 152
77, 153
77, 158
77, 161
77, 179
77, 185
77, 195
77, 196
77, 206
77, 209
77, 233
77, 241
77, 244
77, 247
77, 248
78, 79
78, 81
78, 84
78, 85
78, 88
78, 91
78, 93
78, 94
78, 97
78, 98
78, 100
78, 102
78, 103
78, 104
78, 105
78, 109
78, 110
78, 111
78, 117
78, 121
78, 122
78, 124
78, 127
78, 128
78, 137
78, 138
78, 140
78, 142
78, 144
78, 145
78, 150
78, 157
78, 158
78, 161
78, 164
78, 167
78, 170
78, 175
78, 180
78, 182
78, 184
78, 188
78, 193
78, 194
78, 196
78, 200
78, 207
78, 210
78, 212
78, 215
78, 216
78, 217
78, 220
78, 221
78, 226
78, 229
78, 232
78, 238
78, 239
78, 241
78, 242
78, 244
78, 245
78, 249
79, 81
79, 82
79, 83
79, 84
79, 85
79, 86
79, 95
79, 98
79, 99
79, 107
79, 108
79, 109
79, 117
79, 118
79, 128
79, 132
79, 135
79, 137
79, 140
79, 146
79, 150
79, 158
79, 168
79, 177
79, 178
79, 183
79, 186
79, 189
79, 190
79, 191
79, 194
79, 195
79, 196
79, 202
79, 203
79, 211
79, 212
79, 214
79, 215
79, 229
79, 237
79, 241
80, 81
80, 82
80, 83
80, 84
80, 86
80, 87
80, 88
80, 90
80, 92
80, 96
80, 97
80, 98
80, 100
80, 105
80, 106
80, 107
80, 109
80, 115
80, 120
80, 123
80, 124
80, 125
80, 126
80, 128
80, 131
80, 134
80, 135
80, 137
80, 140
80, 142
80, 144
80, 146
80, 147
80, 151
80, 152
80, 153
80, 156
80, 158
80, 161
80, 169
80, 174
80, 175
80, 188
80, 190
80, 191
80, 194
80, 195
80, 196
80, 200
80, 201
80, 208
80, 212
80, 213
80, 214
80, 219
80, 220
80, 231
80, 242
80, 248
81, 83
81, 85
81, 86
81, 87
81, 91
81, 92
81, 95
81, 96
81, 102
81, 103
81, 104
81, 110
81, 112
81, 113
81, 115
81, 121
81, 132
81, 133
81, 134
81, 137
81, 145
81, 148
81, 151
81, 154
81, 157
81, 159
81, 160
81, 161
81, 163
81, 164
81, 170
81, 174
81, 185
81, 188
81, 193
81, 196
81, 205
81, 211
81, 220
81, 223
81, 224
81, 225
81, 226
81, 227
81, 233
81, 234
81, 239
81, 245
81, 247
81, 248
82, 90
82, 95
82, 97
82, 98
82, 100
82, 106
82, 109
82, 112
82, 113
82, 115
82, 117
82, 122
82, 124
82, 137
82, 138
82, 139
82, 140
82, 141
82, 142
82, 149
82, 151
82, 153
82, 154
82, 158
82, 163
82, 164
82, 165
82, 169
82, 171
82, 174
82, 176
82, 181
82, 188
82, 189
82, 191
82, 199
82, 214
82, 215
82, 217
82, 218
82, 219
82, 221
82, 226
82, 229
82, 240
82, 243
83, 86
83, 87
83, 88
83, 90
83, 92
83, 95
83, 96
83, 98
83, 100
83, 104
83, 105
83, 108
83, 112
83, 114
83, 116
83, 118
83, 124
83, 125
83, 127
83, 131
83, 135
83, 142
83, 143
83, 144
83, 145
83, 148
83, 150
83, 151
83, 154
83, 156
83, 158
83, 162
83, 163
83, 203
83, 204
83, 216
83, 218
83, 221
83, 232
83, 241
83, 244
83, 245
83, 247
84, 85
84, 87
84, 88
84, 90
84, 91
84, 93
84, 98
84, 105
84, 111
84, 120
84, 127
84, 130
84, 135
84, 137
84, 138
84, 141
84, 142
84, 144
84, 145
84, 146
84, 148
84, 150
84, 155
84, 156
84, 158
84, 159
84, 165
84, 166
84, 171
84, 178
84, 183
84, 187
84, 190
84, 193
84, 207
84, 216
84, 227
84, 228
84, 229
84, 232
84, 233
84, 234
84, 235
84, 236
84, 239
84, 244
85, 90
85, 91
85, 95
85, 96
85, 97
85, 98
85, 99
85, 101
85, 103
85, 108
85, 110
85, 111
85, 112
85, 115
85, 119
85, 120
85, 121
85, 123
85, 126
85, 128
85, 129
85, 130
85, 131
85, 132
85, 133
85, 134
85, 136
85, 138
85, 139
85, 141
85, 142
85, 146
85, 147
85, 152
85, 157
85, 160
85, 161
85, 165
85, 166
85, 167
85, 172
85, 176
85, 178
85, 183
85, 184
85, 186
85, 187
85, 191
85, 192
85, 195
85, 201
85, 205
85, 213
85, 214
85, 220
85, 223
85, 226
85, 228
85, 238
85, 239
85, 240
85, 241
85, 248
86, 88
86, 90
86, 92
86, 98
86, 100
86, 102
86, 106
86, 107
86, 111
86, 118
86, 119
86, 121
86, 127
86, 130
86, 131
86, 132
86, 133
86, 135
86, 136
86, 138
86, 141
86, 142
86, 144
86, 145
86, 148
86, 154
86, 159
86, 160
86, 163
86, 164
86, 167
86, 169
86, 173
86, 177
86, 178
86, 179
86, 180
86, 181
86, 182
86, 183
86, 186
86, 192
86, 200
86, 204
86, 205
86, 210
86, 211
86, 217
86, 218
86, 219
86, 227
86, 232
86, 235
86, 236
86, 237
86, 238
86, 241
86, 244
86, 247
86, 248
87, 88
87, 91
87, 93
87, 97
87, 100
87, 101
87, 105
87, 106
87, 110
87, 113
87, 116
87, 117
87, 119
87, 122
87, 124
87, 131
87, 132
87, 133
87, 134
87, 135
87, 136
87, 139
87, 144
87, 147
87, 148
87, 156
87, 159
87, 161
87, 162
87, 167
87, 169
87, 170
87, 172
87, 175
87, 179
87, 186
87, 198
87, 205
87, 206
87, 207
87, 214
87, 218
87, 220
87, 221
87, 222
87, 223
87, 235
87, 236
87, 239
87, 244
88, 91
88, 93
88, 94
88, 95
88, 96
88, 97
88, 102
88, 105
88, 107
88, 109
88, 111
88, 114
88, 115
88, 117
88, 118
88, 123
88, 125
88, 127
88, 131
88, 134
88, 136
88, 140
88, 141
88, 143
88, 144
88, 145
88, 146
88, 147
88, 149
88, 150
88, 154
88, 158
88, 160
88, 163
88, 164
88, 168
88, 169
88, 172
88, 174
88, 177
88, 195
88, 202
88, 207
88, 209
88, 216
88, 219
88, 222
88, 224
88, 226
88, 237
88, 239
88, 240
88, 242
88, 245
89, 94
89, 96
89, 99
89, 100
89, 102
89, 103
89, 110
89, 112
89, 114
89, 123
89, 125
89, 128
89, 129
89, 135
89, 137
89, 143
89, 149
89, 155
89, 158
89, 159
89, 160
89, 162
89, 164
89, 168
89, 170
89, 171
89, 172
89, 180
89, 182
89, 184
89, 185
89, 189
89, 190
89, 191
89, 193
89, 194
89, 197
89, 204
89, 210
89, 215
89, 217
89, 221
89, 225
89, 229
89, 234
89, 236
90, 92
90, 95
90, 99
90, 101
90, 105
90, 113
90, 114
90, 122
90, 126
90, 127
90, 131
90, 137
90, 142
90, 144
90, 145
90, 153
90, 155
90, 156
90, 157
90, 170
90, 174
90, 176
90, 177
90, 179
90, 185
90, 186
90, 190
90, 197
90, 200
90, 202
90, 207
90, 217
90, 219
90, 220
90, 227
90, 232
90, 233
90, 234
90, 235
90, 237
90, 243
90, 247
91, 92
91, 94
91, 96
91, 97
91, 98
91, 99
91, 100
91, 101
91, 103
91, 108
91, 110
91, 111
91, 112
91, 113
91, 115
91, 117
91, 121
91, 122
91, 125
91, 127
91, 129
91, 130
91, 131
91, 132
91, 134
91, 135
91, 139
91, 142
91, 143
91, 152
91, 159
91, 165
91, 167
91, 168
91, 172
91, 174
91, 183
91, 185
91, 199
91, 201
91, 205
91, 210
91, 222
91, 225
91, 227
91, 230
91, 232
91, 239
91, 240
91, 242
91, 243
91, 244
91, 246
92, 93
92, 96
92, 97
92, 99
92, 100
92, 101
92, 103
92, 109
92, 110
92, 115
92, 119
92, 121
92, 122
92, 125
92, 127
92, 128
92, 130
92, 132
92, 133
92, 135
92, 136
92, 138
92, 142
92, 143
92, 146
92, 147
92, 148
92, 153
92, 154
92, 155
92, 161
92, 165
92, 170
92, 172
92, 173
92, 175
92, 176
92, 177
92, 187
92, 190
92, 196
92, 198
92, 199
92, 202
92, 204
92, 207
92, 219
92, 228
92, 231
92, 242
92, 244
92, 246
92, 248
92, 249
93, 94
93, 96
93, 101
93, 102
93, 103
93, 104
93, 106
93, 107
93, 113
93, 114
93, 116
93, 117
93, 119
93, 120
93, 121
93, 124
93, 125
93, 126
93, 130
93, 132
93, 133
93, 134
93, 136
93, 140
93, 148
93, 156
93, 158
93, 161
93, 162
93, 164
93, 167
93, 172
93, 173
93, 175
93, 188
93, 190
93, 197
93, 201
93, 202
93, 218
93, 221
93, 226
93, 228
93, 231
93, 234
93, 240
93, 243
94, 102
94, 105
94, 108
94, 109
94, 113
94, 114
94, 116
94, 117
94, 121
94, 125
94, 127
94, 129
94, 131
94, 133
94, 146
94, 148
94, 150
94, 151
94, 159
94, 162
94, 166
94, 168
94, 171
94, 172
94, 177
94, 182
94, 186
94, 188
94, 189
94, 193
94, 194
94, 197
94, 218
94, 230
94, 233
94, 238
94, 246
95, 96
95, 98
95, 99
95, 101
95, 111
95, 112
95, 116
95, 119
95, 123
95, 126
95, 131
95, 137
95, 139
95, 140
95, 141
95, 155
95, 158
95, 159
95, 161
95, 166
95, 179
95, 180
95, 182
95, 187
95, 189
95, 190
95, 196
95, 204
95, 208
95, 210
95, 212
95, 225
95, 233
95, 238
95, 239
96, 98
96, 99
96, 101
96, 102
96, 103
96, 109
96, 110
96, 112
96, 113
96, 117
96, 119
96, 121
96, 123
96, 128
96, 130
96, 131
96, 132
96, 139
96, 141
96, 143
96, 150
96, 152
96, 153
96, 155
96, 167
96, 168
96, 171
96, 172
96, 173
96, 175
96, 176
96, 179
96, 187
96, 188
96, 191
96, 195
96, 196
96, 200
96, 201
96, 203
96, 205
96, 210
96, 211
96, 213
96, 214
96, 220
96, 222
96, 223
96, 225
96, 233
96, 241
97, 98
97, 99
97, 102
97, 103
97, 104
97, 107
97, 110
97, 111
97, 115
97, 116
97, 117
97, 118
97, 121
97, 122
97, 124
97, 125
97, 127
97, 129
97, 133
97, 136
97, 139
97, 143
97, 145
97, 149
97, 150
97, 154
97, 158
97, 163
97, 167
97, 171
97, 185
97, 187
97, 189
97, 190
97, 195
97, 198
97, 199
97, 200
97, 201
97, 213
97, 215
97, 222
97, 230
97, 235
97, 248
98, 106
98, 113
98, 114
98, 116
98, 119
98, 120
98, 121
98, 124
98, 128
98, 151
98, 155
98, 160
98, 162
98, 163
98, 164
98, 167
98, 172
98, 176
98, 177
98, 183
98, 184
98, 185
98, 188
98, 190
98, 195
98, 201
98, 202
98, 211
98, 217
98, 222
98, 223
98, 224
98, 230
98, 232
98, 239
98, 247
98, 248
99, 100
99, 104
99, 105
99, 109
99, 110
99, 111
99, 117
99, 119
99, 123
99, 125
99, 126
99, 128
99, 130
99, 136
99, 150
99, 157
99, 158
99, 161
99, 163
99, 170
99, 173
99, 180
99, 181
99, 185
99, 189
99, 191
99, 192
99, 195
99, 197
99, 203
99, 208
99, 214
99, 216
99, 217
99, 221
99, 223
99, 228
99, 233
99, 235
99, 242
99, 243
99, 249
100, 102
100, 103
100, 106
100, 109
100, 110
100, 118
100, 119
100, 121
100, 122
100, 123
100, 127
100, 132
100, 135
100, 140
100, 144
100, 149
100, 152
100, 154
100, 157
100, 158
100, 159
100, 160
100, 167
100, 177
100, 183
100, 201
100, 210
100, 212
100, 215
100, 219
100, 221
100, 225
100, 226
100, 229
100, 235
100, 241
100, 243
101, 102
101, 103
101, 113
101, 114
101, 115
101, 121
101, 125
101, 127
101, 136
101, 146
101, 149
101, 154
101, 157
101, 169
101, 173
101, 174
101, 175
101, 176
101, 178
101, 179
101, 196
101, 203
101, 207
101, 212
101, 213
101, 230
101, 237
101, 238
101, 239
101, 244
101, 249
102, 105
102, 106
102, 108
102, 111
102, 114
102, 118
102, 119
102, 120
102, 121
102, 123
102, 124
102, 130
102, 140
102, 149
102, 150
102, 151
102, 152
102, 160
102, 162
102, 163
102, 164
102, 171
102, 172
102, 173
102, 178
102, 179
102, 183
102, 184
102, 188
102, 189
102, 194
102, 197
102, 200
102, 208
102, 211
102, 213
102, 217
102, 222
102, 226
102, 230
102, 234
102, 237
102, 242
102, 246
103, 109
103, 111
103, 113
103, 116
103, 117
103, 123
103, 128
103, 129
103, 131
103, 132
103, 137
103, 138
103, 141
103, 142
103, 147
103, 156
103, 161
103, 162
103, 166
103, 167
103, 173
103, 179
103, 181
103, 182
103, 183
103, 184
103, 190
103, 191
103, 192
103, 199
103, 200
103, 201
103, 202
103, 213
103, 214
103, 215
103, 218
103, 230
103, 233
103, 234
103, 247
104, 106
104, 109
104, 110
104, 112
104, 114
104, 125
104, 130
104, 131
104, 132
104, 141
104, 142
104, 149
104, 150
104, 152
104, 153
104, 156
104, 157
104, 165
104, 166
104, 170
104, 172
104, 174
104, 180
104, 190
104, 194
104, 196
104, 197
104, 201
104, 207
104, 208
104, 213
104, 217
104, 226
104, 230
104, 233
104, 240
104, 244
105, 106
105, 111
105, 114
105, 115
105, 116
105, 117
105, 118
105, 120
105, 122
105, 126
105, 127
105, 129
105, 136
105, 145
105, 147
105, 149
105, 157
105, 167
105, 169
105, 170
105, 178
105, 183
105, 187
105, 189
105, 193
105, 214
105, 222
105, 223
105, 228
105, 232
105, 236
105, 245
105, 248
106, 107
106, 111
106, 113
106, 114
106, 117
106, 125
106, 126
106, 127
106, 131
106, 133
106, 141
106, 143
106, 146
106, 147
106, 154
106, 155
106, 157
106, 159
106, 160
106, 166
106, 167
106, 169
106, 171
106, 175
106, 179
106, 183
106, 184
106, 187
106, 191
106, 207
106, 215
106, 222
106, 233
106, 238
106, 244
106, 245
106, 249
107, 112
107, 117
107, 118
107, 119
107, 121
107, 122
107, 124
107, 125
107, 139
107, 147
107, 152
107, 164
107, 165
107, 169
107, 177
107, 180
107, 182
107, 184
107, 186
107, 202
107, 205
107, 217
107, 221
107, 226
107, 236
107, 237
107, 238
107, 245
107, 249
108, 110
108, 111
108, 112
108, 115
108, 116
108, 121
108, 124
108, 125
108, 128
108, 137
108, 139
108, 141
108, 142
108, 149
108, 150
108, 157
108, 158
108, 160
108, 167
108, 173
108, 175
108, 186
108, 187
108, 189
108, 193
108, 195
108, 199
108, 204
108, 215
108, 218
108, 222
108, 226
108, 237
108, 238
108, 244
108, 245
109, 110
109, 112
109, 117
109, 119
109, 120
109, 123
109, 132
109, 134
109, 135
109, 138
109, 144
109, 162
109, 165
109, 167
109, 170
109, 171
109, 182
109, 185
109, 192
109, 193
109, 202
109, 203
109, 213
109, 223
109, 224
109, 227
109, 231
109, 238
109, 243
109, 245
110, 116
110, 123
110, 130
110, 135
110, 138
110, 141
110, 143
110, 158
110, 160
110, 162
110, 163
110, 194
110, 204
110, 206
110, 208
110, 213
110, 214
110, 232
110, 238
110, 246
110, 248
111, 112
111, 113
111, 114
111, 116
111, 125
111, 128
111, 130
111, 133
111, 134
111, 140
111, 142
111, 145
111, 151
111, 153
111, 157
111, 158
111, 161
111, 162
111, 163
111, 164
111, 165
111, 168
111, 169
111, 171
111, 175
111, 181
111, 183
111, 185
111, 189
111, 190
111, 194
111, 203
111, 211
111, 236
111, 242
112, 117
112, 120
112, 123
112, 128
112, 130
112, 134
112, 135
112, 150
112, 152
112, 153
112, 160
112, 161
112, 165
112, 166
112, 169
112, 172
112, 179
112, 185
112, 198
112, 199
112, 202
112, 205
112, 219
112, 223
112, 229
112, 233
112, 234
112, 241
112, 246
113, 115
113, 116
113, 123
113, 124
113, 125
113, 127
113, 133
113, 135
113, 137
113, 139
113, 141
113, 142
113, 143
113, 144
113, 145
113, 146
113, 147
113, 151
113, 152
113, 154
113, 156
113, 157
113, 159
113, 169
113, 172
113, 173
113, 174
113, 176
113, 177
113, 211
113, 216
113, 223
113, 226
113, 228
113, 231
113, 237
113, 239
114, 118
114, 119
114, 121
114, 122
114, 123
114, 126
114, 127
114, 129
114, 133
114, 138
114, 141
114, 157
114, 163
114, 166
114, 169
114, 175
114, 181
114, 199
114, 200
114, 205
114, 207
114, 217
114, 219
114, 222
114, 231
114, 232
114, 240
115, 117
115, 119
115, 124
115, 127
115, 135
115, 147
115, 148
115, 150
115, 154
115, 168
115, 170
115, 176
115, 178
115, 185
115, 187
115, 188
115, 197
115, 206
115, 208
115, 210
115, 216
115, 217
115, 220
115, 227
115, 228
115, 239
115, 246
116, 121
116, 130
116, 131
116, 133
116, 144
116, 147
116, 155
116, 156
116, 172
116, 178
116, 183
116, 184
116, 192
116, 194
116, 195
116, 200
116, 208
116, 211
116, 217
116, 224
116, 231
116, 239
116, 240
116, 247
116, 249
117, 118
117, 119
117, 122
117, 136
117, 142
117, 152
117, 155
117, 159
117, 164
117, 165
117, 171
117, 190
117, 193
117, 195
117, 207
117, 215
117, 216
118, 119
118, 122
118, 123
118, 127
118, 128
118, 136
118, 137
118, 138
118, 140
118, 146
118, 156
118, 159
118, 162
118, 165
118, 168
118, 169
118, 170
118, 180
118, 181
118, 182
118, 190
118, 191
118, 195
118, 196
118, 198
118, 200
118, 202
118, 209
118, 212
118, 217
118, 219
118, 220
118, 224
118, 240
118, 249
119, 121
119, 122
119, 126
119, 129
119, 132
119, 139
119, 142
119, 145
119, 154
119, 159
119, 162
119, 164
119, 170
119, 173
119, 178
119, 180
119, 183
119, 196
119, 197
119, 198
119, 202
119, 203
119, 213
119, 214
119, 219
119, 222
119, 228
119, 239
119, 244
119, 246
120, 122
120, 124
120, 132
120, 138
120, 142
120, 152
120, 156
120, 161
120, 165
120, 167
120, 173
120, 176
120, 182
120, 189
120, 191
120, 195
120, 197
120, 204
120, 208
120, 214
120, 217
120, 222
120, 230
120, 232
120, 233
121, 122
121, 124
121, 135
121, 137
121, 138
121, 143
121, 144
121, 145
121, 147
121, 148
121, 152
121, 155
121, 158
121, 160
121, 163
121, 164
121, 205
121, 210
121, 212
121, 215
121, 217
121, 224
121, 228
121, 231
121, 235
121, 237
122, 128
122, 132
122, 133
122, 149
122, 154
122, 157
122, 161
122, 169
122, 172
122, 176
122, 178
122, 184
122, 195
122, 198
122, 205
122, 210
122, 226
122, 237
122, 239
122, 240
123, 125
123, 129
123, 139
123, 143
123, 148
123, 149
123, 156
123, 159
123, 163
123, 166
123, 170
123, 171
123, 172
123, 179
123, 189
123, 192
123, 196
123, 202
123, 204
123, 225
123, 226
123, 236
123, 238
123, 244
123, 247
123, 249
124, 126
124, 128
124, 140
124, 147
124, 148
124, 154
124, 155
124, 156
124, 157
124, 162
124, 163
124, 164
124, 165
124, 166
124, 171
124, 173
124, 174
124, 182
124, 187
124, 188
124, 192
124, 193
124, 194
124, 200
124, 202
124, 203
124, 208
124, 210
124, 213
124, 225
124, 231
124, 233
124, 235
124, 238
125, 128
125, 137
125, 138
125, 139
125, 140
125, 143
125, 146
125, 162
125, 173
125, 176
125, 183
125, 187
125, 205
125, 211
125, 214
125, 223
125, 228
125, 231
125, 238
125, 241
125, 244
125, 248
126, 129
126, 130
126, 131
126, 133
126, 134
126, 144
126, 152
126, 166
126, 170
126, 171
126, 174
126, 175
126, 177
126, 180
126, 186
126, 188
126, 193
126, 195
126, 200
126, 204
126, 211
126, 212
126, 228
126, 235
126, 241
127, 128
127, 129
127, 130
127, 131
127, 133
127, 134
127, 139
127, 140
127, 147
127, 148
127, 153
127, 159
127, 168
127, 178
127, 187
127, 191
127, 202
127, 204
127, 209
127, 214
127, 228
127, 230
127, 235
127, 247
127, 249
128, 132
128, 133
128, 137
128, 142
128, 147
128, 153
128, 155
128, 156
128, 160
128, 167
128, 178
128, 181
128, 193
128, 195
128, 196
128, 204
128, 212
128, 213
128, 214
128, 216
128, 217
128, 227
128, 237
128, 239
129, 137
129, 142
129, 148
129, 149
129, 155
129, 162
129, 164
129, 169
129, 170
129, 171
129, 176
129, 185
129, 187
129, 190
129, 192
129, 203
129, 231
129, 246
129, 248
130, 131
130, 132
130, 133
130, 137
130, 144
130, 156
130, 157
130, 166
130, 171
130, 174
130, 180
130, 183
130, 185
130, 188
130, 190
130, 191
130, 196
130, 197
130, 201
130, 203
130, 204
130, 205
130, 207
130, 208
130, 210
130, 213
130, 227
130, 247
131, 136
131, 137
131, 139
131, 140
131, 142
131, 151
131, 162
131, 169
131, 178
131, 180
131, 182
131, 183
131, 191
131, 201
131, 206
131, 209
131, 217
131, 219
131, 220
131, 221
131, 236
132, 133
132, 145
132, 146
132, 149
132, 152
132, 153
132, 155
132, 157
132, 163
132, 171
132, 177
132, 184
132, 185
132, 192
132, 202
132, 209
132, 212
132, 223
132, 231
132, 239
132, 240
132, 241
132, 242
132, 247
132, 249
133, 140
133, 147
133, 151
133, 159
133, 162
133, 170
133, 175
133, 176
133, 179
133, 181
133, 185
133, 191
133, 197
133, 203
133, 204
133, 209
133, 212
133, 221
133, 227
133, 230
133, 232
133, 236
133, 238
133, 245
134, 138
134, 139
134, 141
134, 142
134, 147
134, 149
134, 153
134, 155
134, 160
134, 167
134, 172
134, 177
134, 182
134, 183
134, 188
134, 189
134, 193
134, 196
134, 207
134, 219
134, 221
134, 222
134, 231
134, 235
134, 238
134, 240
135, 140
135, 145
135, 146
135, 148
135, 150
135, 152
135, 161
135, 162
135, 168
135, 169
135, 173
135, 176
135, 179
135, 181
135, 185
135, 187
135, 191
135, 192
135, 199
135, 203
135, 205
135, 206
135, 216
135, 227
135, 230
135, 231
135, 235
135, 240
135, 247
136, 140
136, 141
136, 143
136, 148
136, 150
136, 151
136, 155
136, 161
136, 164
136, 177
136, 198
136, 212
136, 213
136, 226
136, 235
136, 239
136, 240
136, 242
137, 149
137, 155
137, 156
137, 157
137, 158
137, 163
137, 167
137, 173
137, 175
137, 177
137, 180
137, 182
137, 184
137, 191
137, 201
137, 207
137, 208
137, 209
137, 216
137, 223
137, 225
137, 230
137, 232
137, 235
137, 244
137, 246
138, 142
138, 146
138, 153
138, 157
138, 158
138, 160
138, 164
138, 169
138, 171
138, 174
138, 182
138, 184
138, 185
138, 189
138, 202
138, 208
138, 218
138, 221
138, 224
138, 232
138, 243
138, 244
139, 149
139, 152
139, 157
139, 159
139, 166
139, 170
139, 174
139, 177
139, 190
139, 194
139, 195
139, 209
139, 212
139, 215
139, 226
139, 227
139, 228
139, 230
139, 242
139, 249
140, 141
140, 144
140, 148
140, 149
140, 151
140, 152
140, 153
140, 156
140, 162
140, 168
140, 172
140, 173
140, 174
140, 177
140, 181
140, 184
140, 192
140, 199
140, 203
140, 206
140, 207
140, 214
140, 219
140, 221
140, 222
140, 223
140, 225
140, 229
140, 232
140, 234
140, 235
140, 241
140, 246
140, 248
141, 143
141, 145
141, 149
141, 159
141, 160
141, 161
141, 163
141, 171
141, 176
141, 179
141, 182
141, 183
141, 184
141, 195
141, 203
141, 205
141, 206
141, 210
141, 214
141, 216
141, 217
141, 224
141, 230
141, 234
141, 240
141, 242
141, 248
142, 143
142, 144
142, 148
142, 154
142, 156
142, 159
142, 162
142, 163
142, 167
142, 172
142, 179
142, 184
142, 192
142, 195
142, 206
142, 210
142, 222
142, 223
143, 145
143, 150
143, 151
143, 152
143, 159
143, 163
143, 167
143, 175
143, 176
143, 177
143, 198
143, 199
143, 207
143, 208
143, 219
143, 225
143, 229
143, 235
143, 247
143, 249
144, 151
144, 152
144, 159
144, 166
144, 174
144, 176
144, 182
144, 185
144, 190
144, 192
144, 194
144, 199
144, 209
144, 212
144, 230
144, 236
144, 239
145, 147
145, 153
145, 155
145, 158
145, 160
145, 164
145, 172
145, 175
145, 188
145, 213
145, 214
145, 217
145, 218
145, 220
145, 222
145, 224
145, 231
145, 232
145, 234
145, 240
145, 241
145, 249
146, 149
146, 150
146, 153
146, 159
146, 161
146, 165
146, 172
146, 176
146, 188
146, 191
146, 194
146, 197
146, 199
146, 211
146, 213
146, 215
146, 218
146, 222
146, 224
146, 227
146, 234
147, 152
147, 158
147, 167
147, 175
147, 181
147, 186
147, 188
147, 192
147, 196
147, 201
147, 203
147, 215
147, 231
147, 232
147, 233
147, 237
147, 243
147, 249
148, 149
148, 150
148, 151
148, 164
148, 165
148, 167
148, 181
148, 184
148, 187
148, 188
148, 189
148, 195
148, 211
148, 222
149, 156
149, 157
149, 160
149, 161
149, 171
149, 176
149, 181
149, 183
149, 190
149, 194
149, 200
149, 211
149, 218
149, 219
149, 230
149, 231
149, 240
149, 241
149, 247
150, 153
150, 161
150, 163
150, 164
150, 165
150, 166
150, 168
150, 172
150, 174
150, 175
150, 177
150, 179
150, 184
150, 194
150, 206
150, 207
150, 215
150, 221
150, 222
150, 227
150, 239
150, 242
150, 245
150, 247
151, 157
151, 159
151, 161
151, 171
151, 186
151, 187
151, 188
151, 197
151, 199
151, 201
151, 208
151, 213
151, 214
151, 217
151, 219
151, 244
151, 246
152, 164
152, 172
152, 185
152, 188
152, 190
152, 196
152, 200
152, 201
152, 214
152, 249
153, 154
153, 158
153, 166
153, 173
153, 179
153, 189
153, 191
153, 200
153, 201
153, 202
153, 203
153, 207
153, 208
153, 210
153, 211
153, 216
153, 224
153, 225
153, 227
153, 228
153, 229
153, 232
153, 235
153, 240
153, 244
153, 245
154, 162
154, 170
154, 177
154, 181
154, 183
154, 186
154, 187
154, 193
154, 194
154, 202
154, 207
154, 210
154, 229
154, 231
154, 236
154, 237
154, 243
154, 248
155, 159
155, 166
155, 174
155, 178
155, 187
155, 195
155, 196
155, 205
155, 208
155, 214
155, 217
155, 218
155, 220
155, 221
155, 227
155, 240
155, 243
155, 248
156, 162
156, 170
156, 173
156, 175
156, 179
156, 180
156, 183
156, 192
156, 193
156, 208
156, 219
156, 242
156, 249
157, 165
157, 168
157, 169
157, 170
157, 171
157, 179
157, 191
157, 193
157, 198
157, 199
157, 202
157, 215
157, 216
157, 221
157, 232
157, 237
157, 240
157, 248
158, 161
158, 172
158, 173
158, 177
158, 179
158, 182
158, 189
158, 192
158, 193
158, 205
158, 209
158, 212
158, 227
158, 235
158, 243
159, 161
159, 163
159, 169
159, 172
159, 174
159, 177
159, 179
159, 184
159, 188
159, 191
159, 192
159, 195
159, 198
159, 201
159, 204
159, 207
159, 210
159, 211
159, 212
159, 219
159, 229
159, 231
159, 235
159, 236
159, 244
159, 249
160, 172
160, 180
160, 186
160, 194
160, 195
160, 206
160, 208
160, 214
160, 217
160, 224
160, 227
160, 228
160, 229
160, 239
160, 241
160, 243
161, 169
161, 172
161, 174
161, 191
161, 192
161, 201
161, 206
161, 211
161, 217
161, 234
162, 165
162, 166
162, 171
162, 175
162, 176
162, 178
162, 183
162, 186
162, 192
162, 194
162, 201
162, 202
162, 204
162, 208
162, 210
162, 213
162, 217
162, 219
162, 224
162, 225
162, 226
162, 233
162, 237
162, 244
162, 249
163, 164
163, 165
163, 168
163, 173
163, 198
163, 206
163, 209
163, 211
163, 223
163, 227
163, 229
163, 244
163, 245
163, 248
164, 168
164, 169
164, 171
164, 172
164, 173
164, 175
164, 178
164, 180
164, 181
164, 189
164, 192
164, 198
164, 205
164, 225
164, 231
164, 232
164, 242
165, 166
165, 176
165, 183
165, 192
165, 196
165, 197
165, 200
165, 218
165, 219
165, 220
165, 228
165, 232
165, 240
165, 242
165, 244
166, 168
166, 182
166, 193
166, 199
166, 206
166, 209
166, 217
166, 221
166, 227
167, 168
167, 173
167, 174
167, 183
167, 188
167, 192
167, 197
167, 204
167, 206
167, 213
167, 216
167, 217
167, 235
167, 238
167, 245
168, 179
168, 188
168, 193
168, 203
168, 205
168, 215
168, 216
168, 227
168, 228
168, 230
168, 234
169, 171
169, 174
169, 180
169, 181
169, 185
169, 189
169, 194
169, 196
169, 218
169, 223
169, 227
169, 233
170, 184
170, 187
170, 191
170, 194
170, 198
170, 210
170, 219
170, 224
170, 225
170, 229
170, 243
170, 245
170, 247
171, 181
171, 184
171, 186
171, 198
171, 199
171, 204
171, 216
171, 218
171, 223
171, 230
171, 231
171, 235
171, 243
171, 245
172, 179
172, 182
172, 189
172, 190
172, 193
172, 200
172, 206
172, 212
172, 214
172, 219
172, 221
172, 224
172, 235
172, 240
172, 248
173, 175
173, 199
173, 202
173, 205
173, 224
173, 225
173, 227
173, 229
173, 233
173, 242
173, 245
174, 175
174, 176
174, 178
174, 181
174, 183
174, 195
174, 196
174, 200
174, 201
174, 209
174, 212
174, 248
175, 177
175, 185
175, 186
175, 190
175, 197
175, 198
175, 200
175, 212
175, 217
175, 231
175, 234
175, 239
175, 240
175, 245
176, 180
176, 186
176, 197
176, 214
176, 221
176, 224
176, 235
177, 182
177, 188
177, 194
177, 203
177, 208
177, 209
177, 212
177, 232
177, 246
178, 180
178, 189
178, 198
178, 206
178, 215
178, 227
178, 229
178, 237
178, 243
178, 247
179, 206
179, 208
179, 213
179, 216
179, 227
179, 232
179, 237
179, 240
180, 185
180, 188
180, 190
180, 191
180, 205
180, 215
180, 216
180, 217
180, 222
180, 230
180, 235
181, 185
181, 186
181, 193
181, 194
181, 197
181, 200
181, 207
181, 219
181, 229
181, 230
181, 240
182, 194
182, 201
182, 202
182, 203
182, 209
182, 213
182, 215
182, 234
182, 237
182, 244
183, 199
183, 202
183, 203
183, 204
183, 206
183, 211
183, 217
183, 220
183, 226
183, 234
183, 241
184, 192
184, 198
184, 215
184, 216
184, 225
184, 231
184, 235
184, 239
184, 243
185, 187
185, 198
185, 201
185, 218
185, 232
185, 247
186, 187
186, 199
186, 204
186, 218
187, 198
187, 203
187, 206
187, 211
187, 235
187, 237
187, 246
188, 199
188, 202
188, 218
188, 231
188, 239
188, 242
188, 247
189, 196
189, 197
189, 203
189, 213
189, 224
189, 235
189, 239
189, 245
190, 198
190, 204
190, 207
190, 208
190, 209
190, 213
190, 216
190, 220
190, 227
190, 231
190, 232
190, 241
190, 243
190, 248
191, 193
191, 200
191, 207
191, 211
191, 213
191, 226
191, 237
192, 193
192, 195
192, 197
192, 206
192, 212
192, 215
192, 217
192, 223
192, 228
192, 234
192, 236
192, 243
193, 208
193, 213
193, 218
193, 242
194, 196
194, 206
194, 208
194, 210
194, 212
194, 218
194, 226
194, 243
195, 197
195, 204
195, 212
195, 226
195, 233
195, 242
195, 246
195, 247
196, 199
196, 200
196, 204
196, 206
196, 207
196, 208
196, 225
196, 228
196, 230
196, 245
196, 249
197, 205
197, 228
197, 229
197, 232
197, 239
197, 240
197, 245
197, 248
198, 216
198, 231
198, 242
198, 247
199, 218
199, 236
199, 238
199, 249
200, 202
200, 219
200, 228
200, 233
200, 246
201, 204
201, 205
201, 207
201, 211
201, 219
201, 222
201, 231
201, 235
202, 209
202, 211
202, 214
202, 217
202, 224
202, 227
203, 211
203, 220
203, 221
203, 230
203, 233
203, 236
203, 238
203, 239
203, 245
203, 246
203, 247
203, 249
204, 210
204, 221
204, 224
205, 217
205, 223
205, 230
205, 234
205, 237
205, 249
206, 210
206, 214
206, 216
206, 229
206, 241
207, 220
207, 224
207, 227
207, 239
207, 243
208, 210
208, 223
208, 225
208, 232
208, 236
208, 238
208, 247
209, 222
209, 223
209, 224
209, 228
209, 234
209, 236
209, 237
209, 246
210, 215
210, 221
210, 230
210, 240
210, 241
211, 212
211, 222
211, 234
211, 240
212, 213
212, 230
212, 239
212, 242
212, 244
213, 220
213, 222
213, 225
213, 233
213, 237
214, 216
214, 220
214, 232
214, 239
214, 248
215, 230
215, 231
215, 241
215, 249
216, 226
216, 228
216, 245
217, 226
217, 232
217, 234
217, 245
218, 220
218, 237
218, 241
218, 246
219, 225
219, 233
219, 234
219, 240
219, 243
220, 225
220, 233
220, 245
221, 223
221, 225
221, 238
221, 243
221, 246
221, 248
222, 237
223, 237
223, 241
224, 231
224, 235
224, 239
224, 242
224, 246
225, 226
225, 236
225, 240
225, 242
226, 239
226, 240
227, 231
227, 237
228, 229
228, 232
228, 249
229, 234
229, 237
229, 246
231, 232
231, 234
231, 241
231, 247
232, 247
233, 237
233, 244
233, 247
234, 240
234, 243
234, 245
235, 239
235, 245
235, 249
237, 246
237, 247
239, 240
239, 243
241, 242
241, 248
242, 249
243, 246
243, 249
244, 249
245, 249
